                            EPHEMERIDES NAUTIQUES DU SOLEIL A 0H UT - ANNEE 2023
                            ====================================================
 
|     Date    |Jr.|   AHvo   |Var AHvo|    Dec    |Var Dec|   AHso   |  T.Pass  |   Lever    |   Coucher   |
|             |   |    °    '|       °|     °    '|      '|    °    '|  h  m  s | h  m (Az°) |  h  m (Az°) |
| 2023 Jan  1 | D | 179 12.2 | 14.995 | S 23  2.4 | -0.21 | 100 23.3 | 12  3 26 | 7 38 (123) | 16 29 (237) |
| 2023 Jan  2 | L | 179  5.1 | 14.995 | S 22 57.4 | -0.23 | 101 22.5 | 12  3 54 | 7 38 (122) | 16 30 (238) |
| 2023 Jan  3 | M | 178 58.2 | 14.995 | S 22 52.0 | -0.24 | 102 21.6 | 12  4 21 | 7 38 (122) | 16 31 (238) |
| 2023 Jan  4 | M | 178 51.3 | 14.995 | S 22 46.2 | -0.26 | 103 20.7 | 12  4 49 | 7 38 (122) | 16 32 (238) |
| 2023 Jan  5 | J | 178 44.5 | 14.995 | S 22 39.9 | -0.28 | 104 19.9 | 12  5 16 | 7 38 (122) | 16 33 (238) |
| 2023 Jan  6 | V | 178 37.8 | 14.995 | S 22 33.1 | -0.30 | 105 19.0 | 12  5 42 | 7 38 (122) | 16 34 (238) |
| 2023 Jan  7 | S | 178 31.3 | 14.996 | S 22 25.9 | -0.32 | 106 18.2 | 12  6  8 | 7 38 (122) | 16 35 (238) |
| 2023 Jan  8 | D | 178 24.8 | 14.996 | S 22 18.2 | -0.34 | 107 17.3 | 12  6 34 | 7 38 (121) | 16 36 (239) |
| 2023 Jan  9 | L | 178 18.5 | 14.996 | S 22 10.2 | -0.35 | 108 16.4 | 12  6 59 | 7 37 (121) | 16 37 (239) |
| 2023 Jan 10 | M | 178 12.3 | 14.996 | S 22  1.6 | -0.37 | 109 15.6 | 12  7 23 | 7 37 (121) | 16 38 (239) |
| 2023 Jan 11 | M | 178  6.2 | 14.996 | S 21 52.7 | -0.39 | 110 14.7 | 12  7 47 | 7 37 (121) | 16 39 (239) |
| 2023 Jan 12 | J | 178  0.3 | 14.996 | S 21 43.3 | -0.41 | 111 13.9 | 12  8 10 | 7 36 (121) | 16 40 (240) |
| 2023 Jan 13 | V | 177 54.6 | 14.996 | S 21 33.5 | -0.43 | 112 13.0 | 12  8 33 | 7 36 (120) | 16 42 (240) |
| 2023 Jan 14 | S | 177 49.0 | 14.996 | S 21 23.3 | -0.44 | 113 12.1 | 12  8 55 | 7 35 (120) | 16 43 (240) |
| 2023 Jan 15 | D | 177 43.5 | 14.996 | S 21 12.7 | -0.46 | 114 11.3 | 12  9 17 | 7 35 (120) | 16 44 (240) |
| 2023 Jan 16 | L | 177 38.2 | 14.996 | S 21  1.7 | -0.48 | 115 10.4 | 12  9 38 | 7 34 (119) | 16 45 (241) |
| 2023 Jan 17 | M | 177 33.1 | 14.997 | S 20 50.2 | -0.49 | 116  9.5 | 12  9 58 | 7 34 (119) | 16 47 (241) |
| 2023 Jan 18 | M | 177 28.1 | 14.997 | S 20 38.4 | -0.51 | 117  8.7 | 12 10 18 | 7 33 (119) | 16 48 (241) |
| 2023 Jan 19 | J | 177 23.3 | 14.997 | S 20 26.2 | -0.53 | 118  7.8 | 12 10 36 | 7 32 (119) | 16 49 (242) |
| 2023 Jan 20 | V | 177 18.7 | 14.997 | S 20 13.5 | -0.54 | 119  7.0 | 12 10 54 | 7 32 (118) | 16 51 (242) |
| 2023 Jan 21 | S | 177 14.2 | 14.997 | S 20  0.5 | -0.56 | 120  6.1 | 12 11 12 | 7 31 (118) | 16 52 (242) |
| 2023 Jan 22 | D | 177 10.0 | 14.997 | S 19 47.2 | -0.57 | 121  5.3 | 12 11 28 | 7 30 (118) | 16 53 (243) |
| 2023 Jan 23 | L | 177  5.9 | 14.997 | S 19 33.4 | -0.59 | 122  4.4 | 12 11 44 | 7 29 (117) | 16 55 (243) |
| 2023 Jan 24 | M | 177  2.1 | 14.997 | S 19 19.3 | -0.60 | 123  3.5 | 12 11 59 | 7 28 (117) | 16 56 (243) |
| 2023 Jan 25 | M | 176 58.4 | 14.998 | S 19  4.9 | -0.62 | 124  2.7 | 12 12 14 | 7 27 (116) | 16 57 (244) |
| 2023 Jan 26 | J | 176 55.0 | 14.998 | S 18 50.1 | -0.63 | 125  1.8 | 12 12 27 | 7 27 (116) | 16 59 (244) |
| 2023 Jan 27 | V | 176 51.7 | 14.998 | S 18 34.9 | -0.65 | 126  0.9 | 12 12 40 | 7 26 (116) | 17 00 (244) |
| 2023 Jan 28 | S | 176 48.7 | 14.998 | S 18 19.4 | -0.66 | 127  0.1 | 12 12 51 | 7 25 (115) | 17 02 (245) |
| 2023 Jan 29 | D | 176 45.8 | 14.998 | S 18  3.6 | -0.67 | 127 59.2 | 12 13  2 | 7 24 (115) | 17 03 (245) |
| 2023 Jan 30 | L | 176 43.2 | 14.998 | S 17 47.5 | -0.69 | 128 58.4 | 12 13 12 | 7 22 (115) | 17 04 (246) |
| 2023 Jan 31 | M | 176 40.8 | 14.998 | S 17 31.0 | -0.70 | 129 57.5 | 12 13 22 | 7 21 (114) | 17 06 (246) |
| 2023 Fev  1 | M | 176 38.5 | 14.999 | S 17 14.2 | -0.71 | 130 56.6 | 12 13 30 | 7 20 (114) | 17 07 (246) |
| 2023 Fev  2 | J | 176 36.5 | 14.999 | S 16 57.2 | -0.72 | 131 55.8 | 12 13 38 | 7 19 (113) | 17 09 (247) |
| 2023 Fev  3 | V | 176 34.7 | 14.999 | S 16 39.8 | -0.74 | 132 54.9 | 12 13 45 | 7 18 (113) | 17 10 (247) |
| 2023 Fev  4 | S | 176 33.1 | 14.999 | S 16 22.1 | -0.75 | 133 54.1 | 12 13 51 | 7 17 (112) | 17 12 (248) |
| 2023 Fev  5 | D | 176 31.7 | 14.999 | S 16  4.2 | -0.76 | 134 53.2 | 12 13 56 | 7 15 (112) | 17 13 (248) |
| 2023 Fev  6 | L | 176 30.5 | 14.999 | S 15 46.0 | -0.77 | 135 52.3 | 12 14  0 | 7 14 (112) | 17 14 (249) |
| 2023 Fev  7 | M | 176 29.5 | 14.999 | S 15 27.5 | -0.78 | 136 51.5 | 12 14  4 | 7 13 (111) | 17 16 (249) |
| 2023 Fev  8 | M | 176 28.7 | 15.000 | S 15  8.8 | -0.79 | 137 50.6 | 12 14  6 | 7 11 (111) | 17 17 (250) |
| 2023 Fev  9 | J | 176 28.2 | 15.000 | S 14 49.8 | -0.80 | 138 49.8 | 12 14  8 | 7 10 (110) | 17 19 (250) |
| 2023 Fev 10 | V | 176 27.7 | 15.000 | S 14 30.5 | -0.81 | 139 48.9 | 12 14 10 | 7 09 (110) | 17 20 (250) |
| 2023 Fev 11 | S | 176 27.5 | 15.000 | S 14 11.0 | -0.82 | 140 48.0 | 12 14 10 | 7 07 (109) | 17 22 (251) |
| 2023 Fev 12 | D | 176 27.5 | 15.000 | S 13 51.3 | -0.83 | 141 47.2 | 12 14 10 | 7 06 (109) | 17 23 (251) |
| 2023 Fev 13 | L | 176 27.7 | 15.000 | S 13 31.3 | -0.84 | 142 46.3 | 12 14  9 | 7 04 (108) | 17 25 (252) |
| 2023 Fev 14 | M | 176 28.0 | 15.000 | S 13 11.1 | -0.85 | 143 45.4 | 12 14  7 | 7 03 (108) | 17 26 (252) |
| 2023 Fev 15 | M | 176 28.5 | 15.000 | S 12 50.7 | -0.86 | 144 44.6 | 12 14  5 | 7 01 (107) | 17 27 (253) |
| 2023 Fev 16 | J | 176 29.2 | 15.001 | S 12 30.1 | -0.87 | 145 43.7 | 12 14  1 | 7 00 (107) | 17 29 (253) |
| 2023 Fev 17 | V | 176 30.1 | 15.001 | S 12  9.3 | -0.88 | 146 42.9 | 12 13 58 | 6 58 (106) | 17 30 (254) |
| 2023 Fev 18 | S | 176 31.2 | 15.001 | S 11 48.3 | -0.88 | 147 42.0 | 12 13 53 | 6 57 (106) | 17 32 (254) |
| 2023 Fev 19 | D | 176 32.4 | 15.001 | S 11 27.1 | -0.89 | 148 41.1 | 12 13 48 | 6 55 (105) | 17 33 (255) |
| 2023 Fev 20 | L | 176 33.8 | 15.001 | S 11  5.7 | -0.90 | 149 40.3 | 12 13 42 | 6 54 (105) | 17 34 (255) |
| 2023 Fev 21 | M | 176 35.3 | 15.001 | S 10 44.1 | -0.91 | 150 39.4 | 12 13 35 | 6 52 (104) | 17 36 (256) |
| 2023 Fev 22 | M | 176 37.0 | 15.001 | S 10 22.4 | -0.91 | 151 38.6 | 12 13 28 | 6 50 (104) | 17 37 (256) |
| 2023 Fev 23 | J | 176 38.9 | 15.001 | S 10  0.5 | -0.92 | 152 37.7 | 12 13 20 | 6 49 (103) | 17 39 (257) |
| 2023 Fev 24 | V | 176 41.0 | 15.002 | S  9 38.5 | -0.92 | 153 36.8 | 12 13 12 | 6 47 (103) | 17 40 (258) |
| 2023 Fev 25 | S | 176 43.2 | 15.002 | S  9 16.3 | -0.93 | 154 36.0 | 12 13  3 | 6 45 (102) | 17 41 (258) |
| 2023 Fev 26 | D | 176 45.5 | 15.002 | S  8 54.0 | -0.94 | 155 35.1 | 12 12 53 | 6 44 (102) | 17 43 (259) |
| 2023 Fev 27 | L | 176 48.0 | 15.002 | S  8 31.5 | -0.94 | 156 34.3 | 12 12 43 | 6 42 (101) | 17 44 (259) |
| 2023 Fev 28 | M | 176 50.6 | 15.002 | S  8  8.9 | -0.95 | 157 33.4 | 12 12 32 | 6 40 (101) | 17 46 (260) |
| 2023 Mar  1 | M | 176 53.4 | 15.002 | S  7 46.3 | -0.95 | 158 32.5 | 12 12 21 | 6 39 (100) | 17 47 (260) |
| 2023 Mar  2 | J | 176 56.3 | 15.002 | S  7 23.5 | -0.95 | 159 31.7 | 12 12  9 | 6 37 ( 99) | 17 48 (261) |
| 2023 Mar  3 | V | 176 59.3 | 15.002 | S  7  0.5 | -0.96 | 160 30.8 | 12 11 57 | 6 35 ( 99) | 17 50 (261) |
| 2023 Mar  4 | S | 177  2.4 | 15.002 | S  6 37.5 | -0.96 | 161 30.0 | 12 11 44 | 6 33 ( 98) | 17 51 (262) |
| 2023 Mar  5 | D | 177  5.7 | 15.002 | S  6 14.4 | -0.97 | 162 29.1 | 12 11 30 | 6 31 ( 98) | 17 52 (262) |
| 2023 Mar  6 | L | 177  9.1 | 15.002 | S  5 51.3 | -0.97 | 163 28.2 | 12 11 17 | 6 30 ( 97) | 17 54 (263) |
| 2023 Mar  7 | M | 177 12.6 | 15.002 | S  5 28.0 | -0.97 | 164 27.4 | 12 11  3 | 6 28 ( 97) | 17 55 (264) |
| 2023 Mar  8 | M | 177 16.2 | 15.003 | S  5  4.7 | -0.97 | 165 26.5 | 12 10 48 | 6 26 ( 96) | 17 56 (264) |
| 2023 Mar  9 | J | 177 19.8 | 15.003 | S  4 41.3 | -0.98 | 166 25.6 | 12 10 33 | 6 24 ( 96) | 17 58 (265) |
| 2023 Mar 10 | V | 177 23.6 | 15.003 | S  4 17.8 | -0.98 | 167 24.8 | 12 10 18 | 6 22 ( 95) | 17 59 (265) |
| 2023 Mar 11 | S | 177 27.5 | 15.003 | S  3 54.3 | -0.98 | 168 23.9 | 12 10  2 | 6 21 ( 95) | 18 00 (266) |
| 2023 Mar 12 | D | 177 31.4 | 15.003 | S  3 30.7 | -0.98 | 169 23.0 | 12  9 46 | 6 19 ( 94) | 18 02 (266) |
| 2023 Mar 13 | L | 177 35.4 | 15.003 | S  3  7.1 | -0.99 | 170 22.2 | 12  9 30 | 6 17 ( 93) | 18 03 (267) |
| 2023 Mar 14 | M | 177 39.5 | 15.003 | S  2 43.5 | -0.99 | 171 21.3 | 12  9 14 | 6 15 ( 93) | 18 04 (267) |
| 2023 Mar 15 | M | 177 43.6 | 15.003 | S  2 19.8 | -0.99 | 172 20.5 | 12  8 57 | 6 13 ( 92) | 18 05 (268) |
| 2023 Mar 16 | J | 177 47.8 | 15.003 | S  1 56.1 | -0.99 | 173 19.6 | 12  8 40 | 6 11 ( 92) | 18 07 (269) |
| 2023 Mar 17 | V | 177 52.0 | 15.003 | S  1 32.4 | -0.99 | 174 18.7 | 12  8 23 | 6 10 ( 91) | 18 08 (269) |
| 2023 Mar 18 | S | 177 56.3 | 15.003 | S  1  8.7 | -0.99 | 175 17.9 | 12  8  6 | 6 08 ( 91) | 18 09 (270) |
| 2023 Mar 19 | D | 178  0.7 | 15.003 | S  0 44.9 | -0.99 | 176 17.0 | 12  7 49 | 6 06 ( 90) | 18 11 (270) |
| 2023 Mar 20 | L | 178  5.0 | 15.003 | S  0 21.2 | -0.99 | 177 16.2 | 12  7 31 | 6 04 ( 90) | 18 12 (271) |
| 2023 Mar 21 | M | 178  9.4 | 15.003 | N  0  2.5 | +0.99 | 178 15.3 | 12  7 13 | 6 02 ( 89) | 18 13 (271) |
| 2023 Mar 22 | M | 178 13.9 | 15.003 | N  0 26.3 | +0.99 | 179 14.4 | 12  6 56 | 6 00 ( 88) | 18 15 (272) |
| 2023 Mar 23 | J | 178 18.3 | 15.003 | N  0 50.0 | +0.99 | 180 13.6 | 12  6 38 | 5 58 ( 88) | 18 16 (272) |
| 2023 Mar 24 | V | 178 22.8 | 15.003 | N  1 13.6 | +0.98 | 181 12.7 | 12  6 20 | 5 56 ( 87) | 18 17 (273) |
| 2023 Mar 25 | S | 178 27.3 | 15.003 | N  1 37.3 | +0.98 | 182 11.8 | 12  6  2 | 5 55 ( 87) | 18 18 (274) |
| 2023 Mar 26 | D | 178 31.8 | 15.003 | N  2  0.9 | +0.98 | 183 11.0 | 12  5 44 | 5 53 ( 86) | 18 20 (274) |
| 2023 Mar 27 | L | 178 36.3 | 15.003 | N  2 24.4 | +0.98 | 184 10.1 | 12  5 26 | 5 51 ( 86) | 18 21 (275) |
| 2023 Mar 28 | M | 178 40.8 | 15.003 | N  2 47.9 | +0.98 | 185  9.3 | 12  5  8 | 5 49 ( 85) | 18 22 (275) |
| 2023 Mar 29 | M | 178 45.3 | 15.003 | N  3 11.4 | +0.97 | 186  8.4 | 12  4 50 | 5 47 ( 85) | 18 23 (276) |
| 2023 Mar 30 | J | 178 49.9 | 15.003 | N  3 34.7 | +0.97 | 187  7.5 | 12  4 32 | 5 45 ( 84) | 18 25 (276) |
| 2023 Mar 31 | V | 178 54.3 | 15.003 | N  3 58.1 | +0.97 | 188  6.7 | 12  4 14 | 5 43 ( 83) | 18 26 (277) |
| 2023 Avr  1 | S | 178 58.8 | 15.003 | N  4 21.3 | +0.96 | 189  5.8 | 12  3 56 | 5 41 ( 83) | 18 27 (277) |
| 2023 Avr  2 | D | 179  3.3 | 15.003 | N  4 44.4 | +0.96 | 190  5.0 | 12  3 38 | 5 40 ( 82) | 18 29 (278) |
| 2023 Avr  3 | L | 179  7.7 | 15.003 | N  5  7.5 | +0.96 | 191  4.1 | 12  3 20 | 5 38 ( 82) | 18 30 (279) |
| 2023 Avr  4 | M | 179 12.1 | 15.003 | N  5 30.5 | +0.95 | 192  3.2 | 12  3  3 | 5 36 ( 81) | 18 31 (279) |
| 2023 Avr  5 | M | 179 16.5 | 15.003 | N  5 53.4 | +0.95 | 193  2.4 | 12  2 45 | 5 34 ( 81) | 18 32 (280) |
| 2023 Avr  6 | J | 179 20.8 | 15.003 | N  6 16.1 | +0.94 | 194  1.5 | 12  2 28 | 5 32 ( 80) | 18 34 (280) |
| 2023 Avr  7 | V | 179 25.1 | 15.003 | N  6 38.8 | +0.94 | 195  0.6 | 12  2 11 | 5 30 ( 80) | 18 35 (281) |
| 2023 Avr  8 | S | 179 29.3 | 15.003 | N  7  1.4 | +0.93 | 195 59.8 | 12  1 54 | 5 29 ( 79) | 18 36 (281) |
| 2023 Avr  9 | D | 179 33.5 | 15.003 | N  7 23.8 | +0.93 | 196 58.9 | 12  1 38 | 5 27 ( 79) | 18 37 (282) |
| 2023 Avr 10 | L | 179 37.6 | 15.003 | N  7 46.1 | +0.92 | 197 58.1 | 12  1 22 | 5 25 ( 78) | 18 39 (282) |
| 2023 Avr 11 | M | 179 41.6 | 15.003 | N  8  8.3 | +0.92 | 198 57.2 | 12  1  6 | 5 23 ( 77) | 18 40 (283) |
| 2023 Avr 12 | M | 179 45.6 | 15.003 | N  8 30.3 | +0.91 | 199 56.3 | 12  0 50 | 5 21 ( 77) | 18 41 (283) |
| 2023 Avr 13 | J | 179 49.4 | 15.003 | N  8 52.2 | +0.91 | 200 55.5 | 12  0 35 | 5 20 ( 76) | 18 42 (284) |
| 2023 Avr 14 | V | 179 53.2 | 15.003 | N  9 14.0 | +0.90 | 201 54.6 | 12  0 20 | 5 18 ( 76) | 18 44 (284) |
| 2023 Avr 15 | S | 179 56.9 | 15.003 | N  9 35.6 | +0.89 | 202 53.8 | 12  0  5 | 5 16 ( 75) | 18 45 (285) |
| 2023 Avr 16 | D | 180  0.6 | 15.002 | N  9 57.1 | +0.89 | 203 52.9 | 11 59 51 | 5 14 ( 75) | 18 46 (285) |
| 2023 Avr 17 | L | 180  4.1 | 15.002 | N 10 18.4 | +0.88 | 204 52.0 | 11 59 37 | 5 13 ( 74) | 18 47 (286) |
| 2023 Avr 18 | M | 180  7.5 | 15.002 | N 10 39.5 | +0.87 | 205 51.2 | 11 59 23 | 5 11 ( 74) | 18 49 (286) |
| 2023 Avr 19 | M | 180 10.8 | 15.002 | N 11  0.4 | +0.87 | 206 50.3 | 11 59 10 | 5 09 ( 73) | 18 50 (287) |
| 2023 Avr 20 | J | 180 14.0 | 15.002 | N 11 21.2 | +0.86 | 207 49.5 | 11 58 58 | 5 07 ( 73) | 18 51 (287) |
| 2023 Avr 21 | V | 180 17.2 | 15.002 | N 11 41.8 | +0.85 | 208 48.6 | 11 58 45 | 5 06 ( 72) | 18 53 (288) |
| 2023 Avr 22 | S | 180 20.2 | 15.002 | N 12  2.2 | +0.84 | 209 47.7 | 11 58 34 | 5 04 ( 72) | 18 54 (288) |
| 2023 Avr 23 | D | 180 23.1 | 15.002 | N 12 22.4 | +0.83 | 210 46.9 | 11 58 22 | 5 02 ( 71) | 18 55 (289) |
| 2023 Avr 24 | L | 180 25.9 | 15.002 | N 12 42.3 | +0.82 | 211 46.0 | 11 58 11 | 5 01 ( 71) | 18 56 (289) |
| 2023 Avr 25 | M | 180 28.5 | 15.002 | N 13  2.1 | +0.81 | 212 45.1 | 11 58  1 | 4 59 ( 70) | 18 58 (290) |
| 2023 Avr 26 | M | 180 31.1 | 15.002 | N 13 21.7 | +0.81 | 213 44.3 | 11 57 51 | 4 58 ( 70) | 18 59 (290) |
| 2023 Avr 27 | J | 180 33.5 | 15.002 | N 13 41.0 | +0.80 | 214 43.4 | 11 57 41 | 4 56 ( 69) | 19 00 (291) |
| 2023 Avr 28 | V | 180 35.9 | 15.002 | N 14  0.1 | +0.79 | 215 42.6 | 11 57 32 | 4 55 ( 69) | 19 01 (291) |
| 2023 Avr 29 | S | 180 38.1 | 15.001 | N 14 19.0 | +0.78 | 216 41.7 | 11 57 24 | 4 53 ( 69) | 19 03 (292) |
| 2023 Avr 30 | D | 180 40.1 | 15.001 | N 14 37.6 | +0.77 | 217 40.8 | 11 57 16 | 4 51 ( 68) | 19 04 (292) |
| 2023 Mai  1 | L | 180 42.1 | 15.001 | N 14 56.0 | +0.76 | 218 40.0 | 11 57  8 | 4 50 ( 68) | 19 05 (293) |
| 2023 Mai  2 | M | 180 43.9 | 15.001 | N 15 14.1 | +0.75 | 219 39.1 | 11 57  1 | 4 48 ( 67) | 19 06 (293) |
| 2023 Mai  3 | M | 180 45.6 | 15.001 | N 15 32.0 | +0.73 | 220 38.3 | 11 56 55 | 4 47 ( 67) | 19 08 (294) |
| 2023 Mai  4 | J | 180 47.1 | 15.001 | N 15 49.7 | +0.72 | 221 37.4 | 11 56 49 | 4 46 ( 66) | 19 09 (294) |
| 2023 Mai  5 | V | 180 48.6 | 15.001 | N 16  7.0 | +0.71 | 222 36.5 | 11 56 43 | 4 44 ( 66) | 19 10 (294) |
| 2023 Mai  6 | S | 180 49.8 | 15.001 | N 16 24.1 | +0.70 | 223 35.7 | 11 56 38 | 4 43 ( 65) | 19 11 (295) |
| 2023 Mai  7 | D | 180 51.0 | 15.001 | N 16 41.0 | +0.69 | 224 34.8 | 11 56 34 | 4 41 ( 65) | 19 12 (295) |
| 2023 Mai  8 | L | 180 52.0 | 15.001 | N 16 57.5 | +0.68 | 225 34.0 | 11 56 30 | 4 40 ( 65) | 19 14 (296) |
| 2023 Mai  9 | M | 180 52.8 | 15.000 | N 17 13.8 | +0.67 | 226 33.1 | 11 56 27 | 4 39 ( 64) | 19 15 (296) |
| 2023 Mai 10 | M | 180 53.5 | 15.000 | N 17 29.8 | +0.65 | 227 32.2 | 11 56 25 | 4 37 ( 64) | 19 16 (296) |
| 2023 Mai 11 | J | 180 54.1 | 15.000 | N 17 45.5 | +0.64 | 228 31.4 | 11 56 23 | 4 36 ( 63) | 19 17 (297) |
| 2023 Mai 12 | V | 180 54.5 | 15.000 | N 18  0.9 | +0.63 | 229 30.5 | 11 56 22 | 4 35 ( 63) | 19 18 (297) |
| 2023 Mai 13 | S | 180 54.7 | 15.000 | N 18 16.0 | +0.62 | 230 29.7 | 11 56 21 | 4 34 ( 63) | 19 20 (298) |
| 2023 Mai 14 | D | 180 54.8 | 15.000 | N 18 30.8 | +0.60 | 231 28.8 | 11 56 21 | 4 33 ( 62) | 19 21 (298) |
| 2023 Mai 15 | L | 180 54.8 | 15.000 | N 18 45.2 | +0.59 | 232 27.9 | 11 56 21 | 4 31 ( 62) | 19 22 (298) |
| 2023 Mai 16 | M | 180 54.6 | 15.000 | N 18 59.4 | +0.58 | 233 27.1 | 11 56 22 | 4 30 ( 62) | 19 23 (299) |
| 2023 Mai 17 | M | 180 54.3 | 15.000 | N 19 13.2 | +0.56 | 234 26.2 | 11 56 24 | 4 29 ( 61) | 19 24 (299) |
| 2023 Mai 18 | J | 180 53.8 | 15.000 | N 19 26.8 | +0.55 | 235 25.3 | 11 56 26 | 4 28 ( 61) | 19 25 (299) |
| 2023 Mai 19 | V | 180 53.2 | 14.999 | N 19 39.9 | +0.54 | 236 24.5 | 11 56 29 | 4 27 ( 61) | 19 26 (300) |
| 2023 Mai 20 | S | 180 52.5 | 14.999 | N 19 52.8 | +0.52 | 237 23.6 | 11 56 32 | 4 26 ( 60) | 19 28 (300) |
| 2023 Mai 21 | D | 180 51.6 | 14.999 | N 20  5.3 | +0.51 | 238 22.8 | 11 56 36 | 4 25 ( 60) | 19 29 (300) |
| 2023 Mai 22 | L | 180 50.6 | 14.999 | N 20 17.5 | +0.49 | 239 21.9 | 11 56 40 | 4 24 ( 60) | 19 30 (301) |
| 2023 Mai 23 | M | 180 49.4 | 14.999 | N 20 29.3 | +0.48 | 240 21.0 | 11 56 45 | 4 23 ( 59) | 19 31 (301) |
| 2023 Mai 24 | M | 180 48.2 | 14.999 | N 20 40.8 | +0.46 | 241 20.2 | 11 56 50 | 4 22 ( 59) | 19 32 (301) |
| 2023 Mai 25 | J | 180 46.8 | 14.999 | N 20 51.9 | +0.45 | 242 19.3 | 11 56 56 | 4 22 ( 59) | 19 33 (301) |
| 2023 Mai 26 | V | 180 45.2 | 14.999 | N 21  2.6 | +0.43 | 243 18.5 | 11 57  2 | 4 21 ( 58) | 19 34 (302) |
| 2023 Mai 27 | S | 180 43.6 | 14.999 | N 21 13.0 | +0.42 | 244 17.6 | 11 57  9 | 4 20 ( 58) | 19 35 (302) |
| 2023 Mai 28 | D | 180 41.8 | 14.999 | N 21 23.0 | +0.40 | 245 16.7 | 11 57 16 | 4 19 ( 58) | 19 36 (302) |
| 2023 Mai 29 | L | 180 40.0 | 14.999 | N 21 32.7 | +0.39 | 246 15.9 | 11 57 24 | 4 19 ( 58) | 19 37 (302) |
| 2023 Mai 30 | M | 180 38.0 | 14.999 | N 21 41.9 | +0.37 | 247 15.0 | 11 57 32 | 4 18 ( 57) | 19 38 (303) |
| 2023 Mai 31 | M | 180 35.9 | 14.998 | N 21 50.8 | +0.35 | 248 14.2 | 11 57 41 | 4 17 ( 57) | 19 38 (303) |
| 2023 Jun  1 | J | 180 33.8 | 14.998 | N 21 59.3 | +0.34 | 249 13.3 | 11 57 49 | 4 17 ( 57) | 19 39 (303) |
| 2023 Jun  2 | V | 180 31.5 | 14.998 | N 22  7.5 | +0.32 | 250 12.4 | 11 57 59 | 4 16 ( 57) | 19 40 (303) |
| 2023 Jun  3 | S | 180 29.1 | 14.998 | N 22 15.2 | +0.31 | 251 11.6 | 11 58  8 | 4 16 ( 57) | 19 41 (304) |
| 2023 Jun  4 | D | 180 26.7 | 14.998 | N 22 22.6 | +0.29 | 252 10.7 | 11 58 18 | 4 15 ( 56) | 19 42 (304) |
| 2023 Jun  5 | L | 180 24.1 | 14.998 | N 22 29.5 | +0.27 | 253  9.9 | 11 58 29 | 4 15 ( 56) | 19 42 (304) |
| 2023 Jun  6 | M | 180 21.5 | 14.998 | N 22 36.1 | +0.26 | 254  9.0 | 11 58 39 | 4 14 ( 56) | 19 43 (304) |
| 2023 Jun  7 | M | 180 18.8 | 14.998 | N 22 42.3 | +0.24 | 255  8.1 | 11 58 50 | 4 14 ( 56) | 19 44 (304) |
| 2023 Jun  8 | J | 180 16.0 | 14.998 | N 22 48.1 | +0.22 | 256  7.3 | 11 59  2 | 4 14 ( 56) | 19 45 (304) |
| 2023 Jun  9 | V | 180 13.1 | 14.998 | N 22 53.4 | +0.21 | 257  6.4 | 11 59 13 | 4 14 ( 56) | 19 45 (304) |
| 2023 Jun 10 | S | 180 10.2 | 14.998 | N 22 58.4 | +0.19 | 258  5.6 | 11 59 25 | 4 13 ( 55) | 19 46 (305) |
| 2023 Jun 11 | D | 180  7.2 | 14.998 | N 23  3.0 | +0.17 | 259  4.7 | 11 59 37 | 4 13 ( 55) | 19 46 (305) |
| 2023 Jun 12 | L | 180  4.2 | 14.998 | N 23  7.2 | +0.16 | 260  3.8 | 11 59 50 | 4 13 ( 55) | 19 47 (305) |
| 2023 Jun 13 | M | 180  1.0 | 14.998 | N 23 10.9 | +0.14 | 261  3.0 | 12  0  2 | 4 13 ( 55) | 19 47 (305) |
| 2023 Jun 14 | M | 179 57.9 | 14.998 | N 23 14.3 | +0.12 | 262  2.1 | 12  0 15 | 4 13 ( 55) | 19 48 (305) |
| 2023 Jun 15 | J | 179 54.7 | 14.998 | N 23 17.2 | +0.11 | 263  1.2 | 12  0 28 | 4 13 ( 55) | 19 48 (305) |
| 2023 Jun 16 | V | 179 51.5 | 14.998 | N 23 19.8 | +0.09 | 264  0.4 | 12  0 41 | 4 13 ( 55) | 19 49 (305) |
| 2023 Jun 17 | S | 179 48.2 | 14.998 | N 23 21.9 | +0.07 | 264 59.5 | 12  0 54 | 4 13 ( 55) | 19 49 (305) |
| 2023 Jun 18 | D | 179 44.9 | 14.998 | N 23 23.6 | +0.05 | 265 58.7 | 12  1  7 | 4 13 ( 55) | 19 49 (305) |
| 2023 Jun 19 | L | 179 41.7 | 14.998 | N 23 24.9 | +0.04 | 266 57.8 | 12  1 20 | 4 13 ( 55) | 19 50 (305) |
| 2023 Jun 20 | M | 179 38.4 | 14.998 | N 23 25.8 | +0.02 | 267 57.0 | 12  1 33 | 4 13 ( 55) | 19 50 (305) |
| 2023 Jun 21 | M | 179 35.1 | 14.998 | N 23 26.2 | +0.00 | 268 56.1 | 12  1 46 | 4 13 ( 55) | 19 50 (305) |
| 2023 Jun 22 | J | 179 31.8 | 14.998 | N 23 26.3 | -0.02 | 269 55.2 | 12  1 60 | 4 13 ( 55) | 19 50 (305) |
| 2023 Jun 23 | V | 179 28.5 | 14.998 | N 23 25.9 | -0.03 | 270 54.4 | 12  2 13 | 4 14 ( 55) | 19 51 (305) |
| 2023 Jun 24 | S | 179 25.3 | 14.998 | N 23 25.1 | -0.05 | 271 53.5 | 12  2 26 | 4 14 ( 55) | 19 51 (305) |
| 2023 Jun 25 | D | 179 22.0 | 14.998 | N 23 24.0 | -0.07 | 272 52.6 | 12  2 38 | 4 14 ( 55) | 19 51 (305) |
| 2023 Jun 26 | L | 179 18.8 | 14.998 | N 23 22.4 | -0.08 | 273 51.8 | 12  2 51 | 4 15 ( 55) | 19 51 (305) |
| 2023 Jun 27 | M | 179 15.7 | 14.998 | N 23 20.3 | -0.10 | 274 50.9 | 12  3  4 | 4 15 ( 55) | 19 51 (305) |
| 2023 Jun 28 | M | 179 12.6 | 14.998 | N 23 17.9 | -0.12 | 275 50.1 | 12  3 16 | 4 16 ( 55) | 19 51 (305) |
| 2023 Jun 29 | J | 179  9.5 | 14.998 | N 23 15.1 | -0.13 | 276 49.2 | 12  3 28 | 4 16 ( 55) | 19 51 (305) |
| 2023 Jun 30 | V | 179  6.5 | 14.998 | N 23 11.8 | -0.15 | 277 48.3 | 12  3 40 | 4 16 ( 55) | 19 51 (305) |
| 2023 Jul  1 | S | 179  3.6 | 14.998 | N 23  8.2 | -0.17 | 278 47.5 | 12  3 52 | 4 17 ( 55) | 19 50 (305) |
| 2023 Jul  2 | D | 179  0.7 | 14.998 | N 23  4.1 | -0.19 | 279 46.6 | 12  4  3 | 4 18 ( 55) | 19 50 (305) |
| 2023 Jul  3 | L | 178 57.9 | 14.998 | N 22 59.7 | -0.20 | 280 45.8 | 12  4 14 | 4 18 ( 55) | 19 50 (304) |
| 2023 Jul  4 | M | 178 55.1 | 14.998 | N 22 54.8 | -0.22 | 281 44.9 | 12  4 25 | 4 19 ( 56) | 19 50 (304) |
| 2023 Jul  5 | M | 178 52.5 | 14.998 | N 22 49.6 | -0.24 | 282 44.0 | 12  4 35 | 4 19 ( 56) | 19 49 (304) |
| 2023 Jul  6 | J | 178 49.9 | 14.998 | N 22 44.0 | -0.25 | 283 43.2 | 12  4 46 | 4 20 ( 56) | 19 49 (304) |
| 2023 Jul  7 | V | 178 47.4 | 14.998 | N 22 37.9 | -0.27 | 284 42.3 | 12  4 55 | 4 21 ( 56) | 19 49 (304) |
| 2023 Jul  8 | S | 178 45.0 | 14.998 | N 22 31.5 | -0.28 | 285 41.5 | 12  5  5 | 4 22 ( 56) | 19 48 (304) |
| 2023 Jul  9 | D | 178 42.7 | 14.998 | N 22 24.7 | -0.30 | 286 40.6 | 12  5 14 | 4 22 ( 56) | 19 48 (303) |
| 2023 Jul 10 | L | 178 40.5 | 14.999 | N 22 17.5 | -0.32 | 287 39.7 | 12  5 23 | 4 23 ( 57) | 19 47 (303) |
| 2023 Jul 11 | M | 178 38.3 | 14.999 | N 22  9.9 | -0.33 | 288 38.9 | 12  5 31 | 4 24 ( 57) | 19 47 (303) |
| 2023 Jul 12 | M | 178 36.3 | 14.999 | N 22  1.9 | -0.35 | 289 38.0 | 12  5 39 | 4 25 ( 57) | 19 46 (303) |
| 2023 Jul 13 | J | 178 34.4 | 14.999 | N 21 53.5 | -0.36 | 290 37.2 | 12  5 46 | 4 26 ( 57) | 19 45 (303) |
| 2023 Jul 14 | V | 178 32.6 | 14.999 | N 21 44.8 | -0.38 | 291 36.3 | 12  5 53 | 4 26 ( 57) | 19 45 (302) |
| 2023 Jul 15 | S | 178 31.0 | 14.999 | N 21 35.7 | -0.39 | 292 35.4 | 12  5 59 | 4 27 ( 58) | 19 44 (302) |
| 2023 Jul 16 | D | 178 29.4 | 14.999 | N 21 26.2 | -0.41 | 293 34.6 | 12  6  5 | 4 28 ( 58) | 19 43 (302) |
| 2023 Jul 17 | L | 178 28.0 | 14.999 | N 21 16.4 | -0.42 | 294 33.7 | 12  6 11 | 4 29 ( 58) | 19 43 (302) |
| 2023 Jul 18 | M | 178 26.7 | 14.999 | N 21  6.2 | -0.44 | 295 32.9 | 12  6 16 | 4 30 ( 58) | 19 42 (301) |
| 2023 Jul 19 | M | 178 25.5 | 14.999 | N 20 55.6 | -0.45 | 296 32.0 | 12  6 20 | 4 31 ( 59) | 19 41 (301) |
| 2023 Jul 20 | J | 178 24.5 | 14.999 | N 20 44.7 | -0.47 | 297 31.1 | 12  6 24 | 4 32 ( 59) | 19 40 (301) |
| 2023 Jul 21 | V | 178 23.6 | 14.999 | N 20 33.5 | -0.48 | 298 30.3 | 12  6 27 | 4 33 ( 59) | 19 39 (300) |
| 2023 Jul 22 | S | 178 22.9 | 15.000 | N 20 21.9 | -0.50 | 299 29.4 | 12  6 30 | 4 34 ( 60) | 19 38 (300) |
| 2023 Jul 23 | D | 178 22.3 | 15.000 | N 20  9.9 | -0.51 | 300 28.6 | 12  6 32 | 4 35 ( 60) | 19 37 (300) |
| 2023 Jul 24 | L | 178 21.9 | 15.000 | N 19 57.6 | -0.53 | 301 27.7 | 12  6 33 | 4 36 ( 60) | 19 36 (300) |
| 2023 Jul 25 | M | 178 21.6 | 15.000 | N 19 45.0 | -0.54 | 302 26.8 | 12  6 34 | 4 37 ( 61) | 19 35 (299) |
| 2023 Jul 26 | M | 178 21.4 | 15.000 | N 19 32.1 | -0.55 | 303 26.0 | 12  6 34 | 4 38 ( 61) | 19 34 (299) |
| 2023 Jul 27 | J | 178 21.5 | 15.000 | N 19 18.8 | -0.57 | 304 25.1 | 12  6 34 | 4 39 ( 61) | 19 33 (299) |
| 2023 Jul 28 | V | 178 21.6 | 15.000 | N 19  5.2 | -0.58 | 305 24.2 | 12  6 33 | 4 40 ( 62) | 19 32 (298) |
| 2023 Jul 29 | S | 178 21.9 | 15.000 | N 18 51.4 | -0.59 | 306 23.4 | 12  6 31 | 4 42 ( 62) | 19 31 (298) |
| 2023 Jul 30 | D | 178 22.4 | 15.000 | N 18 37.2 | -0.60 | 307 22.5 | 12  6 29 | 4 43 ( 62) | 19 30 (297) |
| 2023 Jul 31 | L | 178 23.1 | 15.001 | N 18 22.6 | -0.62 | 308 21.7 | 12  6 26 | 4 44 ( 63) | 19 28 (297) |
| 2023 Aou  1 | M | 178 23.9 | 15.001 | N 18  7.8 | -0.63 | 309 20.8 | 12  6 23 | 4 45 ( 63) | 19 27 (297) |
| 2023 Aou  2 | M | 178 24.8 | 15.001 | N 17 52.7 | -0.64 | 310 20.0 | 12  6 19 | 4 46 ( 63) | 19 26 (296) |
| 2023 Aou  3 | J | 178 25.9 | 15.001 | N 17 37.3 | -0.65 | 311 19.1 | 12  6 14 | 4 47 ( 64) | 19 24 (296) |
| 2023 Aou  4 | V | 178 27.1 | 15.001 | N 17 21.7 | -0.66 | 312 18.2 | 12  6  9 | 4 48 ( 64) | 19 23 (296) |
| 2023 Aou  5 | S | 178 28.5 | 15.001 | N 17  5.7 | -0.68 | 313 17.4 | 12  6  3 | 4 50 ( 65) | 19 22 (295) |
| 2023 Aou  6 | D | 178 30.1 | 15.001 | N 16 49.5 | -0.69 | 314 16.5 | 12  5 56 | 4 51 ( 65) | 19 20 (295) |
| 2023 Aou  7 | L | 178 31.8 | 15.001 | N 16 33.0 | -0.70 | 315 15.6 | 12  5 49 | 4 52 ( 65) | 19 19 (294) |
| 2023 Aou  8 | M | 178 33.6 | 15.001 | N 16 16.2 | -0.71 | 316 14.8 | 12  5 42 | 4 53 ( 66) | 19 18 (294) |
| 2023 Aou  9 | M | 178 35.5 | 15.001 | N 15 59.2 | -0.72 | 317 13.9 | 12  5 34 | 4 54 ( 66) | 19 16 (293) |
| 2023 Aou 10 | J | 178 37.7 | 15.002 | N 15 41.9 | -0.73 | 318 13.1 | 12  5 25 | 4 55 ( 67) | 19 15 (293) |
| 2023 Aou 11 | V | 178 39.9 | 15.002 | N 15 24.3 | -0.74 | 319 12.2 | 12  5 16 | 4 57 ( 67) | 19 13 (293) |
| 2023 Aou 12 | S | 178 42.3 | 15.002 | N 15  6.5 | -0.75 | 320 11.3 | 12  5  6 | 4 58 ( 68) | 19 12 (292) |
| 2023 Aou 13 | D | 178 44.8 | 15.002 | N 14 48.5 | -0.76 | 321 10.5 | 12  4 55 | 4 59 ( 68) | 19 10 (292) |
| 2023 Aou 14 | L | 178 47.5 | 15.002 | N 14 30.2 | -0.77 | 322  9.6 | 12  4 45 | 5 00 ( 68) | 19 09 (291) |
| 2023 Aou 15 | M | 178 50.3 | 15.002 | N 14 11.7 | -0.78 | 323  8.8 | 12  4 33 | 5 01 ( 69) | 19 07 (291) |
| 2023 Aou 16 | M | 178 53.2 | 15.002 | N 13 53.0 | -0.79 | 324  7.9 | 12  4 21 | 5 02 ( 69) | 19 05 (290) |
| 2023 Aou 17 | J | 178 56.3 | 15.002 | N 13 34.0 | -0.80 | 325  7.0 | 12  4  9 | 5 04 ( 70) | 19 04 (290) |
| 2023 Aou 18 | V | 178 59.5 | 15.002 | N 13 14.8 | -0.81 | 326  6.2 | 12  3 56 | 5 05 ( 70) | 19 02 (289) |
| 2023 Aou 19 | S | 179  2.8 | 15.002 | N 12 55.4 | -0.82 | 327  5.3 | 12  3 42 | 5 06 ( 71) | 19 01 (289) |
| 2023 Aou 20 | D | 179  6.2 | 15.002 | N 12 35.9 | -0.82 | 328  4.4 | 12  3 28 | 5 07 ( 71) | 18 59 (288) |
| 2023 Aou 21 | L | 179  9.8 | 15.003 | N 12 16.1 | -0.83 | 329  3.6 | 12  3 13 | 5 08 ( 72) | 18 57 (288) |
| 2023 Aou 22 | M | 179 13.5 | 15.003 | N 11 56.1 | -0.84 | 330  2.7 | 12  2 58 | 5 10 ( 72) | 18 55 (287) |
| 2023 Aou 23 | M | 179 17.3 | 15.003 | N 11 35.9 | -0.85 | 331  1.9 | 12  2 43 | 5 11 ( 73) | 18 54 (287) |
| 2023 Aou 24 | J | 179 21.2 | 15.003 | N 11 15.6 | -0.86 | 332  1.0 | 12  2 27 | 5 12 ( 73) | 18 52 (287) |
| 2023 Aou 25 | V | 179 25.3 | 15.003 | N 10 55.1 | -0.86 | 333  0.1 | 12  2 11 | 5 13 ( 74) | 18 50 (286) |
| 2023 Aou 26 | S | 179 29.4 | 15.003 | N 10 34.4 | -0.87 | 333 59.3 | 12  1 54 | 5 14 ( 74) | 18 49 (286) |
| 2023 Aou 27 | D | 179 33.7 | 15.003 | N 10 13.5 | -0.88 | 334 58.4 | 12  1 37 | 5 16 ( 75) | 18 47 (285) |
| 2023 Aou 28 | L | 179 38.0 | 15.003 | N  9 52.5 | -0.88 | 335 57.6 | 12  1 19 | 5 17 ( 75) | 18 45 (284) |
| 2023 Aou 29 | M | 179 42.5 | 15.003 | N  9 31.3 | -0.89 | 336 56.7 | 12  1  1 | 5 18 ( 76) | 18 43 (284) |
| 2023 Aou 30 | M | 179 47.0 | 15.003 | N  9 10.0 | -0.89 | 337 55.8 | 12  0 43 | 5 19 ( 76) | 18 41 (283) |
| 2023 Aou 31 | J | 179 51.6 | 15.003 | N  8 48.5 | -0.90 | 338 55.0 | 12  0 24 | 5 20 ( 77) | 18 40 (283) |
| 2023 Sep  1 | V | 179 56.3 | 15.003 | N  8 26.9 | -0.91 | 339 54.1 | 12  0  5 | 5 22 ( 77) | 18 38 (282) |
| 2023 Sep  2 | S | 180  1.1 | 15.003 | N  8  5.2 | -0.91 | 340 53.3 | 11 59 46 | 5 23 ( 78) | 18 36 (282) |
| 2023 Sep  3 | D | 180  6.0 | 15.003 | N  7 43.3 | -0.92 | 341 52.4 | 11 59 26 | 5 24 ( 78) | 18 34 (281) |
| 2023 Sep  4 | L | 180 10.9 | 15.003 | N  7 21.3 | -0.92 | 342 51.5 | 11 59  7 | 5 25 ( 79) | 18 32 (281) |
| 2023 Sep  5 | M | 180 15.8 | 15.003 | N  6 59.2 | -0.93 | 343 50.7 | 11 58 47 | 5 26 ( 79) | 18 30 (280) |
| 2023 Sep  6 | M | 180 20.9 | 15.004 | N  6 37.0 | -0.93 | 344 49.8 | 11 58 26 | 5 27 ( 80) | 18 29 (280) |
| 2023 Sep  7 | J | 180 25.9 | 15.004 | N  6 14.6 | -0.94 | 345 48.9 | 11 58  6 | 5 29 ( 80) | 18 27 (279) |
| 2023 Sep  8 | V | 180 31.1 | 15.004 | N  5 52.2 | -0.94 | 346 48.1 | 11 57 45 | 5 30 ( 81) | 18 25 (279) |
| 2023 Sep  9 | S | 180 36.2 | 15.004 | N  5 29.6 | -0.94 | 347 47.2 | 11 57 25 | 5 31 ( 82) | 18 23 (278) |
| 2023 Sep 10 | D | 180 41.4 | 15.004 | N  5  7.0 | -0.95 | 348 46.4 | 11 57  4 | 5 32 ( 82) | 18 21 (278) |
| 2023 Sep 11 | L | 180 46.7 | 15.004 | N  4 44.2 | -0.95 | 349 45.5 | 11 56 43 | 5 33 ( 83) | 18 19 (277) |
| 2023 Sep 12 | M | 180 51.9 | 15.004 | N  4 21.4 | -0.95 | 350 44.6 | 11 56 22 | 5 35 ( 83) | 18 17 (277) |
| 2023 Sep 13 | M | 180 57.2 | 15.004 | N  3 58.5 | -0.96 | 351 43.8 | 11 56  1 | 5 36 ( 84) | 18 15 (276) |
| 2023 Sep 14 | J | 181  2.5 | 15.004 | N  3 35.6 | -0.96 | 352 42.9 | 11 55 39 | 5 37 ( 84) | 18 13 (276) |
| 2023 Sep 15 | V | 181  7.9 | 15.004 | N  3 12.5 | -0.96 | 353 42.1 | 11 55 18 | 5 38 ( 85) | 18 12 (275) |
| 2023 Sep 16 | S | 181 13.2 | 15.004 | N  2 49.5 | -0.96 | 354 41.2 | 11 54 57 | 5 39 ( 85) | 18 10 (274) |
| 2023 Sep 17 | D | 181 18.5 | 15.004 | N  2 26.3 | -0.97 | 355 40.3 | 11 54 35 | 5 41 ( 86) | 18 08 (274) |
| 2023 Sep 18 | L | 181 23.9 | 15.004 | N  2  3.1 | -0.97 | 356 39.5 | 11 54 14 | 5 42 ( 86) | 18 06 (273) |
| 2023 Sep 19 | M | 181 29.2 | 15.004 | N  1 39.9 | -0.97 | 357 38.6 | 11 53 52 | 5 43 ( 87) | 18 04 (273) |
| 2023 Sep 20 | M | 181 34.6 | 15.004 | N  1 16.6 | -0.97 | 358 37.7 | 11 53 31 | 5 44 ( 87) | 18 02 (272) |
| 2023 Sep 21 | J | 181 39.9 | 15.004 | N  0 53.3 | -0.97 | 359 36.9 | 11 53 10 | 5 45 ( 88) | 18 00 (272) |
| 2023 Sep 22 | V | 181 45.2 | 15.004 | N  0 30.0 | -0.97 |   0 36.0 | 11 52 49 | 5 47 ( 89) | 17 58 (271) |
| 2023 Sep 23 | S | 181 50.5 | 15.004 | N  0  6.7 | -0.97 |   1 35.2 | 11 52 27 | 5 48 ( 89) | 17 56 (271) |
| 2023 Sep 24 | D | 181 55.8 | 15.004 | S  0 16.7 | +0.97 |   2 34.3 | 11 52  6 | 5 49 ( 90) | 17 54 (270) |
| 2023 Sep 25 | L | 182  1.1 | 15.004 | S  0 40.0 | +0.97 |   3 33.4 | 11 51 46 | 5 50 ( 90) | 17 53 (269) |
| 2023 Sep 26 | M | 182  6.3 | 15.004 | S  1  3.4 | +0.97 |   4 32.6 | 11 51 25 | 5 51 ( 91) | 17 51 (269) |
| 2023 Sep 27 | M | 182 11.4 | 15.004 | S  1 26.8 | +0.97 |   5 31.7 | 11 51  4 | 5 53 ( 91) | 17 49 (268) |
| 2023 Sep 28 | J | 182 16.6 | 15.004 | S  1 50.1 | +0.97 |   6 30.9 | 11 50 44 | 5 54 ( 92) | 17 47 (268) |
| 2023 Sep 29 | V | 182 21.6 | 15.003 | S  2 13.4 | +0.97 |   7 30.0 | 11 50 24 | 5 55 ( 92) | 17 45 (267) |
| 2023 Sep 30 | S | 182 26.6 | 15.003 | S  2 36.7 | +0.97 |   8 29.1 | 11 50  4 | 5 56 ( 93) | 17 43 (267) |
| 2023 Oct  1 | D | 182 31.6 | 15.003 | S  3  0.0 | +0.97 |   9 28.3 | 11 49 44 | 5 58 ( 94) | 17 41 (266) |
| 2023 Oct  2 | L | 182 36.5 | 15.003 | S  3 23.3 | +0.97 |  10 27.4 | 11 49 25 | 5 59 ( 94) | 17 39 (266) |
| 2023 Oct  3 | M | 182 41.3 | 15.003 | S  3 46.5 | +0.97 |  11 26.5 | 11 49  6 | 6 00 ( 95) | 17 37 (265) |
| 2023 Oct  4 | M | 182 46.0 | 15.003 | S  4  9.7 | +0.96 |  12 25.7 | 11 48 47 | 6 01 ( 95) | 17 36 (265) |
| 2023 Oct  5 | J | 182 50.6 | 15.003 | S  4 32.8 | +0.96 |  13 24.8 | 11 48 29 | 6 02 ( 96) | 17 34 (264) |
| 2023 Oct  6 | V | 182 55.1 | 15.003 | S  4 55.9 | +0.96 |  14 24.0 | 11 48 11 | 6 04 ( 96) | 17 32 (263) |
| 2023 Oct  7 | S | 182 59.6 | 15.003 | S  5 18.9 | +0.96 |  15 23.1 | 11 47 53 | 6 05 ( 97) | 17 30 (263) |
| 2023 Oct  8 | D | 183  3.9 | 15.003 | S  5 41.9 | +0.95 |  16 22.2 | 11 47 36 | 6 06 ( 97) | 17 28 (262) |
| 2023 Oct  9 | L | 183  8.1 | 15.003 | S  6  4.7 | +0.95 |  17 21.4 | 11 47 19 | 6 07 ( 98) | 17 26 (262) |
| 2023 Oct 10 | M | 183 12.2 | 15.003 | S  6 27.5 | +0.95 |  18 20.5 | 11 47  3 | 6 09 ( 98) | 17 25 (261) |
| 2023 Oct 11 | M | 183 16.2 | 15.003 | S  6 50.3 | +0.94 |  19 19.7 | 11 46 47 | 6 10 ( 99) | 17 23 (261) |
| 2023 Oct 12 | J | 183 20.1 | 15.003 | S  7 12.9 | +0.94 |  20 18.8 | 11 46 32 | 6 11 (100) | 17 21 (260) |
| 2023 Oct 13 | V | 183 23.8 | 15.003 | S  7 35.4 | +0.93 |  21 17.9 | 11 46 18 | 6 13 (100) | 17 19 (260) |
| 2023 Oct 14 | S | 183 27.5 | 15.002 | S  7 57.9 | +0.93 |  22 17.1 | 11 46  3 | 6 14 (101) | 17 18 (259) |
| 2023 Oct 15 | D | 183 30.9 | 15.002 | S  8 20.2 | +0.93 |  23 16.2 | 11 45 50 | 6 15 (101) | 17 16 (259) |
| 2023 Oct 16 | L | 183 34.3 | 15.002 | S  8 42.4 | +0.92 |  24 15.3 | 11 45 37 | 6 16 (102) | 17 14 (258) |
| 2023 Oct 17 | M | 183 37.5 | 15.002 | S  9  4.5 | +0.91 |  25 14.5 | 11 45 24 | 6 18 (102) | 17 12 (258) |
| 2023 Oct 18 | M | 183 40.5 | 15.002 | S  9 26.4 | +0.91 |  26 13.6 | 11 45 12 | 6 19 (103) | 17 11 (257) |
| 2023 Oct 19 | J | 183 43.5 | 15.002 | S  9 48.2 | +0.90 |  27 12.8 | 11 45  1 | 6 20 (103) | 17 09 (257) |
| 2023 Oct 20 | V | 183 46.2 | 15.002 | S 10  9.9 | +0.90 |  28 11.9 | 11 44 50 | 6 22 (104) | 17 07 (256) |
| 2023 Oct 21 | S | 183 48.8 | 15.002 | S 10 31.4 | +0.89 |  29 11.0 | 11 44 40 | 6 23 (104) | 17 06 (256) |
| 2023 Oct 22 | D | 183 51.3 | 15.002 | S 10 52.8 | +0.88 |  30 10.2 | 11 44 30 | 6 24 (105) | 17 04 (255) |
| 2023 Oct 23 | L | 183 53.5 | 15.001 | S 11 13.9 | +0.88 |  31  9.3 | 11 44 22 | 6 26 (105) | 17 02 (255) |
| 2023 Oct 24 | M | 183 55.7 | 15.001 | S 11 35.0 | +0.87 |  32  8.5 | 11 44 14 | 6 27 (106) | 17 01 (254) |
| 2023 Oct 25 | M | 183 57.6 | 15.001 | S 11 55.8 | +0.86 |  33  7.6 | 11 44  6 | 6 28 (106) | 16 59 (254) |
| 2023 Oct 26 | J | 183 59.4 | 15.001 | S 12 16.5 | +0.85 |  34  6.7 | 11 43 59 | 6 30 (107) | 16 58 (253) |
| 2023 Oct 27 | V | 184  1.0 | 15.001 | S 12 36.9 | +0.84 |  35  5.9 | 11 43 53 | 6 31 (107) | 16 56 (253) |
| 2023 Oct 28 | S | 184  2.4 | 15.001 | S 12 57.2 | +0.84 |  36  5.0 | 11 43 48 | 6 32 (108) | 16 55 (252) |
| 2023 Oct 29 | D | 184  3.6 | 15.001 | S 13 17.3 | +0.83 |  37  4.1 | 11 43 43 | 6 34 (108) | 16 53 (252) |
| 2023 Oct 30 | L | 184  4.7 | 15.001 | S 13 37.2 | +0.82 |  38  3.3 | 11 43 40 | 6 35 (109) | 16 52 (251) |
| 2023 Oct 31 | M | 184  5.5 | 15.000 | S 13 56.8 | +0.81 |  39  2.4 | 11 43 37 | 6 37 (109) | 16 50 (251) |
| 2023 Nov  1 | M | 184  6.1 | 15.000 | S 14 16.2 | +0.80 |  40  1.6 | 11 43 34 | 6 38 (110) | 16 49 (250) |
| 2023 Nov  2 | J | 184  6.6 | 15.000 | S 14 35.5 | +0.79 |  41  0.7 | 11 43 33 | 6 39 (110) | 16 47 (250) |
| 2023 Nov  3 | V | 184  6.8 | 15.000 | S 14 54.4 | +0.78 |  41 59.8 | 11 43 33 | 6 41 (111) | 16 46 (249) |
| 2023 Nov  4 | S | 184  6.9 | 15.000 | S 15 13.2 | +0.77 |  42 59.0 | 11 43 33 | 6 42 (111) | 16 45 (249) |
| 2023 Nov  5 | D | 184  6.7 | 15.000 | S 15 31.6 | +0.76 |  43 58.1 | 11 43 34 | 6 43 (111) | 16 43 (248) |
| 2023 Nov  6 | L | 184  6.3 | 15.000 | S 15 49.9 | +0.75 |  44 57.3 | 11 43 36 | 6 45 (112) | 16 42 (248) |
| 2023 Nov  7 | M | 184  5.7 | 14.999 | S 16  7.8 | +0.74 |  45 56.4 | 11 43 39 | 6 46 (112) | 16 41 (247) |
| 2023 Nov  8 | M | 184  4.9 | 14.999 | S 16 25.5 | +0.73 |  46 55.5 | 11 43 42 | 6 48 (113) | 16 39 (247) |
| 2023 Nov  9 | J | 184  3.9 | 14.999 | S 16 43.0 | +0.71 |  47 54.7 | 11 43 47 | 6 49 (113) | 16 38 (247) |
| 2023 Nov 10 | V | 184  2.6 | 14.999 | S 17  0.1 | +0.70 |  48 53.8 | 11 43 52 | 6 50 (114) | 16 37 (246) |
| 2023 Nov 11 | S | 184  1.2 | 14.999 | S 17 17.0 | +0.69 |  49 52.9 | 11 43 59 | 6 52 (114) | 16 36 (246) |
| 2023 Nov 12 | D | 183 59.5 | 14.999 | S 17 33.5 | +0.68 |  50 52.1 | 11 44  6 | 6 53 (114) | 16 35 (245) |
| 2023 Nov 13 | L | 183 57.6 | 14.999 | S 17 49.8 | +0.66 |  51 51.2 | 11 44 14 | 6 54 (115) | 16 34 (245) |
| 2023 Nov 14 | M | 183 55.5 | 14.998 | S 18  5.7 | +0.65 |  52 50.4 | 11 44 22 | 6 56 (115) | 16 33 (245) |
| 2023 Nov 15 | M | 183 53.2 | 14.998 | S 18 21.4 | +0.64 |  53 49.5 | 11 44 32 | 6 57 (116) | 16 31 (244) |
| 2023 Nov 16 | J | 183 50.7 | 14.998 | S 18 36.7 | +0.62 |  54 48.6 | 11 44 43 | 6 58 (116) | 16 30 (244) |
| 2023 Nov 17 | V | 183 48.0 | 14.998 | S 18 51.7 | +0.61 |  55 47.8 | 11 44 54 | 7 00 (116) | 16 30 (243) |
| 2023 Nov 18 | S | 183 45.0 | 14.998 | S 19  6.3 | +0.60 |  56 46.9 | 11 45  6 | 7 01 (117) | 16 29 (243) |
| 2023 Nov 19 | D | 183 41.9 | 14.998 | S 19 20.6 | +0.58 |  57 46.1 | 11 45 19 | 7 02 (117) | 16 28 (243) |
| 2023 Nov 20 | L | 183 38.6 | 14.998 | S 19 34.6 | +0.57 |  58 45.2 | 11 45 33 | 7 04 (117) | 16 27 (242) |
| 2023 Nov 21 | M | 183 35.0 | 14.997 | S 19 48.2 | +0.55 |  59 44.3 | 11 45 47 | 7 05 (118) | 16 26 (242) |
| 2023 Nov 22 | M | 183 31.3 | 14.997 | S 20  1.4 | +0.54 |  60 43.5 | 11 46  3 | 7 06 (118) | 16 25 (242) |
| 2023 Nov 23 | J | 183 27.4 | 14.997 | S 20 14.3 | +0.52 |  61 42.6 | 11 46 19 | 7 08 (118) | 16 25 (241) |
| 2023 Nov 24 | V | 183 23.2 | 14.997 | S 20 26.8 | +0.50 |  62 41.8 | 11 46 35 | 7 09 (119) | 16 24 (241) |
| 2023 Nov 25 | S | 183 18.9 | 14.997 | S 20 38.9 | +0.49 |  63 40.9 | 11 46 53 | 7 10 (119) | 16 23 (241) |
| 2023 Nov 26 | D | 183 14.4 | 14.997 | S 20 50.6 | +0.47 |  64 40.0 | 11 47 11 | 7 11 (119) | 16 23 (241) |
| 2023 Nov 27 | L | 183  9.7 | 14.997 | S 21  1.9 | +0.46 |  65 39.2 | 11 47 31 | 7 13 (120) | 16 22 (240) |
| 2023 Nov 28 | M | 183  4.9 | 14.996 | S 21 12.9 | +0.44 |  66 38.3 | 11 47 50 | 7 14 (120) | 16 21 (240) |
| 2023 Nov 29 | M | 182 59.8 | 14.996 | S 21 23.4 | +0.42 |  67 37.5 | 11 48 11 | 7 15 (120) | 16 21 (240) |
| 2023 Nov 30 | J | 182 54.6 | 14.996 | S 21 33.6 | +0.41 |  68 36.6 | 11 48 32 | 7 16 (120) | 16 20 (239) |
| 2023 Dec  1 | V | 182 49.2 | 14.996 | S 21 43.3 | +0.39 |  69 35.7 | 11 48 54 | 7 17 (121) | 16 20 (239) |
| 2023 Dec  2 | S | 182 43.7 | 14.996 | S 21 52.7 | +0.37 |  70 34.9 | 11 49 17 | 7 19 (121) | 16 20 (239) |
| 2023 Dec  3 | D | 182 37.9 | 14.996 | S 22  1.6 | +0.35 |  71 34.0 | 11 49 40 | 7 20 (121) | 16 19 (239) |
| 2023 Dec  4 | L | 182 32.1 | 14.996 | S 22 10.1 | +0.34 |  72 33.2 | 11 50  4 | 7 21 (121) | 16 19 (239) |
| 2023 Dec  5 | M | 182 26.0 | 14.996 | S 22 18.1 | +0.32 |  73 32.3 | 11 50 28 | 7 22 (122) | 16 19 (238) |
| 2023 Dec  6 | M | 182 19.8 | 14.996 | S 22 25.7 | +0.30 |  74 31.4 | 11 50 53 | 7 23 (122) | 16 19 (238) |
| 2023 Dec  7 | J | 182 13.5 | 14.996 | S 22 32.9 | +0.28 |  75 30.6 | 11 51 19 | 7 24 (122) | 16 18 (238) |
| 2023 Dec  8 | V | 182  7.1 | 14.995 | S 22 39.7 | +0.26 |  76 29.7 | 11 51 45 | 7 25 (122) | 16 18 (238) |
| 2023 Dec  9 | S | 182  0.5 | 14.995 | S 22 46.0 | +0.24 |  77 28.9 | 11 52 11 | 7 26 (122) | 16 18 (238) |
| 2023 Dec 10 | D | 181 53.8 | 14.995 | S 22 51.8 | +0.23 |  78 28.0 | 11 52 38 | 7 27 (122) | 16 18 (238) |
| 2023 Dec 11 | L | 181 47.0 | 14.995 | S 22 57.3 | +0.21 |  79 27.1 | 11 53  6 | 7 28 (123) | 16 18 (237) |
| 2023 Dec 12 | M | 181 40.1 | 14.995 | S 23  2.2 | +0.19 |  80 26.3 | 11 53 34 | 7 29 (123) | 16 18 (237) |
| 2023 Dec 13 | M | 181 33.1 | 14.995 | S 23  6.7 | +0.17 |  81 25.4 | 11 54  2 | 7 29 (123) | 16 18 (237) |
| 2023 Dec 14 | J | 181 26.0 | 14.995 | S 23 10.7 | +0.15 |  82 24.6 | 11 54 30 | 7 30 (123) | 16 19 (237) |
| 2023 Dec 15 | V | 181 18.8 | 14.995 | S 23 14.3 | +0.13 |  83 23.7 | 11 54 59 | 7 31 (123) | 16 19 (237) |
| 2023 Dec 16 | S | 181 11.6 | 14.995 | S 23 17.4 | +0.11 |  84 22.8 | 11 55 28 | 7 32 (123) | 16 19 (237) |
| 2023 Dec 17 | D | 181  4.3 | 14.995 | S 23 20.1 | +0.09 |  85 22.0 | 11 55 57 | 7 32 (123) | 16 19 (237) |
| 2023 Dec 18 | L | 180 57.0 | 14.995 | S 23 22.3 | +0.07 |  86 21.1 | 11 56 27 | 7 33 (123) | 16 20 (237) |
| 2023 Dec 19 | M | 180 49.6 | 14.995 | S 23 24.0 | +0.05 |  87 20.3 | 11 56 56 | 7 34 (123) | 16 20 (237) |
| 2023 Dec 20 | M | 180 42.2 | 14.995 | S 23 25.2 | +0.03 |  88 19.4 | 11 57 26 | 7 34 (123) | 16 20 (237) |
| 2023 Dec 21 | J | 180 34.8 | 14.995 | S 23 26.0 | +0.01 |  89 18.5 | 11 57 56 | 7 35 (123) | 16 21 (237) |
| 2023 Dec 22 | V | 180 27.3 | 14.995 | S 23 26.3 | -0.01 |  90 17.7 | 11 58 26 | 7 35 (123) | 16 21 (237) |
| 2023 Dec 23 | S | 180 19.9 | 14.995 | S 23 26.1 | -0.03 |  91 16.8 | 11 58 55 | 7 36 (123) | 16 22 (237) |
| 2023 Dec 24 | D | 180 12.4 | 14.995 | S 23 25.5 | -0.05 |  92 16.0 | 11 59 25 | 7 36 (123) | 16 23 (237) |
| 2023 Dec 25 | L | 180  5.0 | 14.995 | S 23 24.4 | -0.07 |  93 15.1 | 11 59 55 | 7 37 (123) | 16 23 (237) |
| 2023 Dec 26 | M | 179 57.6 | 14.995 | S 23 22.8 | -0.09 |  94 14.2 | 12  0 25 | 7 37 (123) | 16 24 (237) |
| 2023 Dec 27 | M | 179 50.2 | 14.995 | S 23 20.7 | -0.10 |  95 13.4 | 12  0 54 | 7 37 (123) | 16 25 (237) |
| 2023 Dec 28 | J | 179 42.8 | 14.995 | S 23 18.2 | -0.12 |  96 12.5 | 12  1 23 | 7 38 (123) | 16 25 (237) |
| 2023 Dec 29 | V | 179 35.5 | 14.995 | S 23 15.2 | -0.14 |  97 11.7 | 12  1 53 | 7 38 (123) | 16 26 (237) |
| 2023 Dec 30 | S | 179 28.2 | 14.995 | S 23 11.8 | -0.16 |  98 10.8 | 12  2 22 | 7 38 (123) | 16 27 (237) |
| 2023 Dec 31 | D | 179 21.0 | 14.995 | S 23  7.9 | -0.18 |  99  9.9 | 12  2 50 | 7 38 (123) | 16 28 (237) |
 
                                                                                      (c) http://navastro.fr
 
      AHvo = Angle Horaire du Soleil vrai a Greenwich
  Var AHvo = Variation horaire de AHvo
       Dec = Declinaison du Soleil
   Var Dec = Variation horaire de Dec
      AHso = Angle Horaire du Point Vernal a Greenwich
  Var AHso = Variation horaire de AHso : 15.042° (constante)
    T.Pass = Heure UT de passage du Soleil a Greenwich
 Les heures UT et azimuts du lever et du coucher du soleil (apparition ou disparition du
 bord superieur du soleil) sont donnes pour une latitude de 45°N et une longitude de 0°.


                                             EPHEMERIDES NAUTIQUES SIMPLIFIEES
                                              DES PRINCIPALES ETOILES EN 2023
 
|             |              ASCENSION VERSE              ||                  DECLINAISON                  | 
|     Nom     |  JANVIER |   AVRIL  |  JUILLET |  OCTOBRE ||  JANVIER  |   AVRIL   |  JUILLET  |  OCTOBRE  |
|             |    °    '|    °    '|    °    '|    °    '||     °    '|     °    '|     °    '|     °    '|
| ACHERNAR    | 335 21.3 | 335 21.8 | 335 21.3 | 335 20.4 || S 57  7.5 | S 57  7.3 | S 57  6.8 | S 57  6.8 |
| ACRUX       | 173  1.9 | 173  1.1 | 173  1.6 | 173  2.1 || S 63 13.2 | S 63 13.7 | S 63 14.0 | S 63 13.7 |
|*ADHARA      | 255  6.8 | 255  7.0 | 255  7.2 | 255  6.8 || S 29  0.2 | S 29  0.4 | S 29  0.2 | S 28 59.9 |
|*ALDEBARAN   | 290 41.2 | 290 41.5 | 290 41.4 | 290 40.7 || N 16 33.3 | N 16 33.3 | N 16 33.3 | N 16 33.5 |
| Alioth      | 166 14.5 | 166 13.7 | 166 14.0 | 166 14.4 || N 55 49.9 | N 55 50.0 | N 55 50.3 | N 55 50.0 |
| Alkaid      | 152 53.5 | 152 52.7 | 152 52.9 | 152 53.3 || N 49 11.7 | N 49 11.7 | N 49 12.1 | N 49 11.9 |
| Al Na'Ir    |  27 35.3 |  27 35.1 |  27 34.2 |  27 33.9 || S 46 51.3 | S 46 50.9 | S 46 50.7 | S 46 50.9 |
|*Alnilam     | 275 39.1 | 275 39.3 | 275 39.3 | 275 38.7 || S  1 11.3 | S  1 11.3 | S  1 11.2 | S  1 11.0 |
|*Alphard     | 217 49.1 | 217 49.0 | 217 49.3 | 217 49.0 || S  8 45.4 | S  8 45.7 | S  8 45.6 | S  8 45.5 |
|*Alphecca    | 126  5.4 | 126  4.7 | 126  4.6 | 126  4.9 || N 26 38.1 | N 26 38.0 | N 26 38.3 | N 26 38.3 |
|*Alpheratz   | 357 36.5 | 357 36.7 | 357 36.0 | 357 35.5 || N 29 13.1 | N 29 12.9 | N 29 13.0 | N 29 13.4 |
|*ALTAIR      |  62  1.9 |  62  1.5 |  62  0.9 |  62  0.9 || N  8 55.7 | N  8 55.5 | N  8 55.8 | N  8 56.0 |
| Ankaa       | 353  8.8 | 353  9.0 | 353  8.4 | 353  7.8 || S 42 11.2 | S 42 10.9 | S 42 10.5 | S 42 10.6 |
|*ANTARES     | 112 18.2 | 112 17.5 | 112 17.1 | 112 17.3 || S 26 28.9 | S 26 29.0 | S 26 29.1 | S 26 29.1 |
|*ARCTURUS    | 145 49.6 | 145 49.0 | 145 48.9 | 145 49.2 || N 19  3.7 | N 19  3.6 | N 19  3.8 | N 19  3.7 |
| Atria       | 107 14.5 | 107 12.8 | 107 11.9 | 107 12.8 || S 69  3.9 | S 69  3.9 | S 69  4.3 | S 69  4.4 |
| Avior       | 234 14.8 | 234 15.1 | 234 15.9 | 234 15.5 || S 59 34.8 | S 59 35.3 | S 59 35.1 | S 59 34.7 |
|*BELLATRIX   | 278 24.4 | 278 24.6 | 278 24.6 | 278 23.9 || N  6 22.2 | N  6 22.2 | N  6 22.3 | N  6 22.4 |
|*BETELGEUSE  | 270 53.6 | 270 53.8 | 270 53.8 | 270 53.2 || N  7 24.7 | N  7 24.6 | N  7 24.7 | N  7 24.8 |
| CANOPUS     | 263 52.6 | 263 53.1 | 263 53.5 | 263 52.8 || S 52 42.5 | S 52 42.7 | S 52 42.4 | S 52 42.1 |
| CAPELLA     | 280 23.9 | 280 24.3 | 280 24.2 | 280 23.3 || N 46  1.3 | N 46  1.4 | N 46  1.2 | N 46  1.2 |
| CASTOR      | 245 58.8 | 245 58.9 | 245 59.1 | 245 58.5 || N 31 50.2 | N 31 50.3 | N 31 50.3 | N 31 50.2 |
| DENEB       |  49 27.4 |  49 27.0 |  49 26.3 |  49 26.3 || N 45 21.8 | N 45 21.4 | N 45 21.7 | N 45 22.1 |
|*Denebola    | 182 26.6 | 182 26.1 | 182 26.3 | 182 26.4 || N 14 26.6 | N 14 26.5 | N 14 26.6 | N 14 26.5 |
|*Diphda      | 348 49.0 | 348 49.1 | 348 48.6 | 348 48.0 || S 17 51.8 | S 17 51.7 | S 17 51.4 | S 17 51.3 |
| Dubhe       | 193 42.8 | 193 42.2 | 193 42.8 | 193 42.9 || N 61 37.4 | N 61 37.6 | N 61 37.8 | N 61 37.4 |
|*Elnath      | 278  3.6 | 278  3.9 | 278  3.8 | 278  3.1 || N 28 37.6 | N 28 37.6 | N 28 37.6 | N 28 37.6 |
| Eltanin     |  90 43.5 |  90 42.8 |  90 42.2 |  90 42.8 || N 51 29.1 | N 51 28.8 | N 51 29.2 | N 51 29.4 |
|*Enif        |  33 40.7 |  33 40.5 |  33 39.8 |  33 39.6 || N  9 58.8 | N  9 58.7 | N  9 58.9 | N  9 59.1 |
|*FOMALHAUT   |  15 16.5 |  15 16.5 |  15 15.7 |  15 15.4 || S 29 30.3 | S 29 30.1 | S 29 29.7 | S 29 29.8 |
| Gacrux      | 171 53.5 | 171 52.8 | 171 53.1 | 171 53.5 || S 57 14.2 | S 57 14.6 | S 57 14.9 | S 57 14.6 |
| Hadar       | 148 38.6 | 148 37.5 | 148 37.6 | 148 38.2 || S 60 28.7 | S 60 29.0 | S 60 29.4 | S 60 29.2 |
|*Hamal       | 327 52.9 | 327 53.2 | 327 52.8 | 327 52.1 || N 23 34.3 | N 23 34.2 | N 23 34.3 | N 23 34.5 |
| Kaus Austr. |  83 35.1 |  83 34.4 |  83 33.8 |  83 34.0 || S 34 22.4 | S 34 22.4 | S 34 22.4 | S 34 22.5 |
| Kochab      | 137 20.5 | 137 18.7 | 137 19.1 | 137 20.7 || N 74  3.4 | N 74  3.4 | N 74  3.8 | N 74  3.6 |
|*Markab      |  13 31.7 |  13 31.7 |  13 31.0 |  13 30.7 || N 15 19.7 | N 15 19.6 | N 15 19.8 | N 15 20.1 |
|*Menkar      | 314  7.7 | 314  8.0 | 314  7.7 | 314  7.0 || N  4 10.7 | N  4 10.7 | N  4 10.9 | N  4 11.1 |
| Menkent     | 147 59.8 | 147 59.0 | 147 59.0 | 147 59.3 || S 36 28.8 | S 36 29.1 | S 36 29.3 | S 36 29.1 |
| Miaplacidus | 221 37.8 | 221 38.1 | 221 39.3 | 221 39.1 || S 69 48.4 | S 69 48.9 | S 69 48.9 | S 69 48.5 |
| MIMOSA      | 167 44.2 | 167 43.3 | 167 43.7 | 167 44.1 || S 59 48.5 | S 59 49.0 | S 59 49.3 | S 59 49.0 |
| Mirfak      | 308 30.3 | 308 30.8 | 308 30.4 | 308 29.5 || N 49 56.7 | N 49 56.7 | N 49 56.5 | N 49 56.6 |
|*Nunki       |  75 50.2 |  75 49.6 |  75 49.0 |  75 49.1 || S 26 16.1 | S 26 16.1 | S 26 16.0 | S 26 16.1 |
| Peacock     |  53  8.9 |  53  8.3 |  53  7.2 |  53  7.1 || S 56 39.8 | S 56 39.5 | S 56 39.4 | S 56 39.7 |
| Polaire (La)| 314 31.8 | 315  9.5 | 314 56.4 | 314 12.0 || N 89 21.9 | N 89 21.9 | N 89 21.5 | N 89 21.6 |
|*POLLUX      | 243 19.0 | 243 19.0 | 243 19.2 | 243 18.7 || N 27 58.2 | N 27 58.3 | N 27 58.3 | N 27 58.1 |
|*PROCYON     | 244 52.3 | 244 52.3 | 244 52.5 | 244 52.0 || N  5 10.0 | N  5  9.9 | N  5 10.0 | N  5 10.0 |
|*Rasalhague  |  96  0.4 |  95 59.8 |  95 59.4 |  95 59.6 || N 12 32.5 | N 12 32.4 | N 12 32.6 | N 12 32.7 |
|*REGULUS     | 207 36.0 | 207 35.8 | 207 36.0 | 207 35.8 || N 11 51.3 | N 11 51.2 | N 11 51.3 | N 11 51.2 |
|*RIGEL       | 281  5.2 | 281  5.4 | 281  5.4 | 281  4.8 || S  8 10.6 | S  8 10.6 | S  8 10.4 | S  8 10.2 |
| RIGIL KENT. | 139 43.1 | 139 41.9 | 139 41.8 | 139 42.5 || S 60 55.5 | S 60 55.8 | S 60 56.1 | S 60 56.0 |
|*Sabik       | 102  5.0 | 102  4.3 | 102  3.9 | 102  4.1 || S 15 45.2 | S 15 45.3 | S 15 45.2 | S 15 45.2 |
| SCHAULA     |  96 13.1 |  96 12.2 |  96 11.7 |  96 11.9 || S 37  7.2 | S 37  7.2 | S 37  7.3 | S 37  7.3 |
| Schedar     | 349 32.9 | 349 33.3 | 349 32.5 | 349 31.7 || N 56 40.0 | N 56 39.7 | N 56 39.7 | N 56 40.1 |
|*SIRIUS      | 258 27.4 | 258 27.6 | 258 27.7 | 258 27.2 || S 16 44.9 | S 16 45.0 | S 16 44.8 | S 16 44.6 |
|*SPICA       | 158 24.1 | 158 23.5 | 158 23.6 | 158 23.8 || S 11 16.8 | S 11 17.0 | S 11 17.0 | S 11 17.0 |
| Suhail      | 222 47.2 | 222 47.2 | 222 47.6 | 222 47.4 || S 43 31.3 | S 43 31.8 | S 43 31.7 | S 43 31.4 |
| VEGA        |  80 34.8 |  80 34.2 |  80 33.6 |  80 34.0 || N 38 48.2 | N 38 47.9 | N 38 48.3 | N 38 48.6 |
|*Zuben'genubi| 136 58.1 | 136 57.4 | 136 57.2 | 136 57.5 || S 16  8.1 | S 16  8.3 | S 16  8.4 | S 16  8.3 |
 
                                                                                    (c) http://navastro.fr
 
 Etoiles de magnitude inferieure a 2,5.
 Les noms en MAJUSCULES designent les etoiles les plus brillantes, de magnitude inferieure a 1,6.
 Les noms precedes d'une * designent les etoiles de declinaison <30°, utilisables avec les HO249 Vol. 2 et 3
