                            EPHEMERIDES NAUTIQUES DU SOLEIL A 0H UT - ANNEE 2027
                            ====================================================
 
|     Date    |Jr.|   AHvo   |Var AHvo|    Dec    |Var Dec|   AHso   |  T.Pass  |   Lever    |   Coucher   |
|             |   |    °    '|       °|     °    '|      '|    °    '|  h  m  s | h  m (Az°) |  h  m (Az°) |
| 2027 Jan  1 | V | 179 12.0 | 14.995 | S 23  2.2 | -0.21 | 100 25.5 | 12  3 26 | 7 38 (123) | 16 29 (237) |
| 2027 Jan  2 | S | 179  4.9 | 14.995 | S 22 57.2 | -0.23 | 101 24.6 | 12  3 55 | 7 38 (122) | 16 30 (238) |
| 2027 Jan  3 | D | 178 57.9 | 14.995 | S 22 51.8 | -0.24 | 102 23.8 | 12  4 22 | 7 38 (122) | 16 31 (238) |
| 2027 Jan  4 | L | 178 51.0 | 14.995 | S 22 45.9 | -0.26 | 103 22.9 | 12  4 50 | 7 38 (122) | 16 32 (238) |
| 2027 Jan  5 | M | 178 44.2 | 14.995 | S 22 39.6 | -0.28 | 104 22.0 | 12  5 17 | 7 38 (122) | 16 33 (238) |
| 2027 Jan  6 | M | 178 37.5 | 14.995 | S 22 32.8 | -0.30 | 105 21.2 | 12  5 44 | 7 38 (122) | 16 34 (238) |
| 2027 Jan  7 | J | 178 30.9 | 14.995 | S 22 25.6 | -0.32 | 106 20.3 | 12  6 10 | 7 38 (122) | 16 35 (238) |
| 2027 Jan  8 | V | 178 24.4 | 14.996 | S 22 17.9 | -0.34 | 107 19.5 | 12  6 35 | 7 38 (121) | 16 36 (239) |
| 2027 Jan  9 | S | 178 18.0 | 14.996 | S 22  9.8 | -0.36 | 108 18.6 | 12  7  1 | 7 37 (121) | 16 37 (239) |
| 2027 Jan 10 | D | 178 11.8 | 14.996 | S 22  1.3 | -0.37 | 109 17.8 | 12  7 25 | 7 37 (121) | 16 38 (239) |
| 2027 Jan 11 | L | 178  5.7 | 14.996 | S 21 52.3 | -0.39 | 110 16.9 | 12  7 49 | 7 37 (121) | 16 39 (239) |
| 2027 Jan 12 | M | 177 59.8 | 14.996 | S 21 42.9 | -0.41 | 111 16.0 | 12  8 13 | 7 36 (121) | 16 40 (240) |
| 2027 Jan 13 | M | 177 54.0 | 14.996 | S 21 33.1 | -0.43 | 112 15.2 | 12  8 36 | 7 36 (120) | 16 42 (240) |
| 2027 Jan 14 | J | 177 48.3 | 14.996 | S 21 22.8 | -0.44 | 113 14.3 | 12  8 58 | 7 35 (120) | 16 43 (240) |
| 2027 Jan 15 | V | 177 42.9 | 14.996 | S 21 12.2 | -0.46 | 114 13.4 | 12  9 19 | 7 35 (120) | 16 44 (240) |
| 2027 Jan 16 | S | 177 37.6 | 14.996 | S 21  1.1 | -0.48 | 115 12.6 | 12  9 40 | 7 34 (119) | 16 45 (241) |
| 2027 Jan 17 | D | 177 32.5 | 14.997 | S 20 49.7 | -0.49 | 116 11.7 | 12 10  0 | 7 34 (119) | 16 47 (241) |
| 2027 Jan 18 | L | 177 27.5 | 14.997 | S 20 37.8 | -0.51 | 117 10.9 | 12 10 20 | 7 33 (119) | 16 48 (241) |
| 2027 Jan 19 | M | 177 22.8 | 14.997 | S 20 25.6 | -0.53 | 118 10.0 | 12 10 38 | 7 32 (119) | 16 49 (242) |
| 2027 Jan 20 | M | 177 18.2 | 14.997 | S 20 13.0 | -0.54 | 119  9.1 | 12 10 56 | 7 32 (118) | 16 51 (242) |
| 2027 Jan 21 | J | 177 13.8 | 14.997 | S 19 60.0 | -0.56 | 120  8.3 | 12 11 13 | 7 31 (118) | 16 52 (242) |
| 2027 Jan 22 | V | 177  9.6 | 14.997 | S 19 46.6 | -0.57 | 121  7.4 | 12 11 30 | 7 30 (118) | 16 53 (243) |
| 2027 Jan 23 | S | 177  5.6 | 14.997 | S 19 32.8 | -0.59 | 122  6.6 | 12 11 45 | 7 29 (117) | 16 55 (243) |
| 2027 Jan 24 | D | 177  1.8 | 14.997 | S 19 18.7 | -0.60 | 123  5.7 | 12 12  0 | 7 28 (117) | 16 56 (243) |
| 2027 Jan 25 | L | 176 58.2 | 14.998 | S 19  4.3 | -0.62 | 124  4.8 | 12 12 14 | 7 27 (116) | 16 57 (244) |
| 2027 Jan 26 | M | 176 54.8 | 14.998 | S 18 49.5 | -0.63 | 125  4.0 | 12 12 28 | 7 26 (116) | 16 59 (244) |
| 2027 Jan 27 | M | 176 51.6 | 14.998 | S 18 34.3 | -0.65 | 126  3.1 | 12 12 40 | 7 26 (116) | 17 00 (244) |
| 2027 Jan 28 | J | 176 48.5 | 14.998 | S 18 18.8 | -0.66 | 127  2.3 | 12 12 52 | 7 25 (115) | 17 02 (245) |
| 2027 Jan 29 | V | 176 45.7 | 14.998 | S 18  3.0 | -0.67 | 128  1.4 | 12 13  3 | 7 23 (115) | 17 03 (245) |
| 2027 Jan 30 | S | 176 43.1 | 14.998 | S 17 46.8 | -0.69 | 129  0.5 | 12 13 13 | 7 22 (115) | 17 05 (246) |
| 2027 Jan 31 | D | 176 40.7 | 14.998 | S 17 30.4 | -0.70 | 129 59.7 | 12 13 22 | 7 21 (114) | 17 06 (246) |
| 2027 Fev  1 | L | 176 38.4 | 14.999 | S 17 13.6 | -0.71 | 130 58.8 | 12 13 31 | 7 20 (114) | 17 07 (246) |
| 2027 Fev  2 | M | 176 36.4 | 14.999 | S 16 56.5 | -0.72 | 131 58.0 | 12 13 38 | 7 19 (113) | 17 09 (247) |
| 2027 Fev  3 | M | 176 34.6 | 14.999 | S 16 39.1 | -0.74 | 132 57.1 | 12 13 45 | 7 18 (113) | 17 10 (247) |
| 2027 Fev  4 | J | 176 32.9 | 14.999 | S 16 21.4 | -0.75 | 133 56.2 | 12 13 51 | 7 17 (112) | 17 12 (248) |
| 2027 Fev  5 | V | 176 31.5 | 14.999 | S 16  3.5 | -0.76 | 134 55.4 | 12 13 57 | 7 15 (112) | 17 13 (248) |
| 2027 Fev  6 | S | 176 30.3 | 14.999 | S 15 45.2 | -0.77 | 135 54.5 | 12 14  1 | 7 14 (112) | 17 15 (249) |
| 2027 Fev  7 | D | 176 29.2 | 14.999 | S 15 26.7 | -0.78 | 136 53.7 | 12 14  5 | 7 13 (111) | 17 16 (249) |
| 2027 Fev  8 | L | 176 28.4 | 15.000 | S 15  7.9 | -0.79 | 137 52.8 | 12 14  8 | 7 11 (111) | 17 17 (250) |
| 2027 Fev  9 | M | 176 27.8 | 15.000 | S 14 48.9 | -0.80 | 138 51.9 | 12 14 10 | 7 10 (110) | 17 19 (250) |
| 2027 Fev 10 | M | 176 27.4 | 15.000 | S 14 29.6 | -0.81 | 139 51.1 | 12 14 11 | 7 09 (110) | 17 20 (251) |
| 2027 Fev 11 | J | 176 27.1 | 15.000 | S 14 10.1 | -0.82 | 140 50.2 | 12 14 12 | 7 07 (109) | 17 22 (251) |
| 2027 Fev 12 | V | 176 27.1 | 15.000 | S 13 50.4 | -0.83 | 141 49.3 | 12 14 11 | 7 06 (109) | 17 23 (251) |
| 2027 Fev 13 | S | 176 27.3 | 15.000 | S 13 30.4 | -0.84 | 142 48.5 | 12 14 10 | 7 04 (108) | 17 25 (252) |
| 2027 Fev 14 | D | 176 27.6 | 15.000 | S 13 10.2 | -0.85 | 143 47.6 | 12 14  9 | 7 03 (108) | 17 26 (252) |
| 2027 Fev 15 | L | 176 28.1 | 15.001 | S 12 49.8 | -0.86 | 144 46.8 | 12 14  6 | 7 01 (107) | 17 27 (253) |
| 2027 Fev 16 | M | 176 28.9 | 15.001 | S 12 29.1 | -0.87 | 145 45.9 | 12 14  3 | 7 00 (107) | 17 29 (253) |
| 2027 Fev 17 | M | 176 29.8 | 15.001 | S 12  8.3 | -0.88 | 146 45.0 | 12 13 59 | 6 58 (106) | 17 30 (254) |
| 2027 Fev 18 | J | 176 30.9 | 15.001 | S 11 47.3 | -0.88 | 147 44.2 | 12 13 54 | 6 57 (106) | 17 32 (254) |
| 2027 Fev 19 | V | 176 32.1 | 15.001 | S 11 26.1 | -0.89 | 148 43.3 | 12 13 49 | 6 55 (105) | 17 33 (255) |
| 2027 Fev 20 | S | 176 33.6 | 15.001 | S 11  4.8 | -0.90 | 149 42.5 | 12 13 43 | 6 54 (105) | 17 35 (255) |
| 2027 Fev 21 | D | 176 35.2 | 15.001 | S 10 43.2 | -0.90 | 150 41.6 | 12 13 36 | 6 52 (104) | 17 36 (256) |
| 2027 Fev 22 | L | 176 36.9 | 15.001 | S 10 21.5 | -0.91 | 151 40.7 | 12 13 28 | 6 50 (104) | 17 37 (257) |
| 2027 Fev 23 | M | 176 38.9 | 15.001 | S  9 59.6 | -0.92 | 152 39.9 | 12 13 20 | 6 49 (103) | 17 39 (257) |
| 2027 Fev 24 | M | 176 40.9 | 15.002 | S  9 37.6 | -0.92 | 153 39.0 | 12 13 12 | 6 47 (103) | 17 40 (258) |
| 2027 Fev 25 | J | 176 43.2 | 15.002 | S  9 15.4 | -0.93 | 154 38.1 | 12 13  3 | 6 45 (102) | 17 41 (258) |
| 2027 Fev 26 | V | 176 45.5 | 15.002 | S  8 53.1 | -0.94 | 155 37.3 | 12 12 53 | 6 44 (102) | 17 43 (259) |
| 2027 Fev 27 | S | 176 48.0 | 15.002 | S  8 30.7 | -0.94 | 156 36.4 | 12 12 43 | 6 42 (101) | 17 44 (259) |
| 2027 Fev 28 | D | 176 50.7 | 15.002 | S  8  8.1 | -0.95 | 157 35.6 | 12 12 32 | 6 40 (101) | 17 46 (260) |
| 2027 Mar  1 | L | 176 53.4 | 15.002 | S  7 45.4 | -0.95 | 158 34.7 | 12 12 20 | 6 38 (100) | 17 47 (260) |
| 2027 Mar  2 | M | 176 56.3 | 15.002 | S  7 22.6 | -0.95 | 159 33.8 | 12 12  9 | 6 37 ( 99) | 17 48 (261) |
| 2027 Mar  3 | M | 176 59.3 | 15.002 | S  6 59.7 | -0.96 | 160 33.0 | 12 11 56 | 6 35 ( 99) | 17 50 (261) |
| 2027 Mar  4 | J | 177  2.5 | 15.002 | S  6 36.7 | -0.96 | 161 32.1 | 12 11 44 | 6 33 ( 98) | 17 51 (262) |
| 2027 Mar  5 | V | 177  5.7 | 15.002 | S  6 13.5 | -0.97 | 162 31.3 | 12 11 30 | 6 31 ( 98) | 17 52 (262) |
| 2027 Mar  6 | S | 177  9.1 | 15.002 | S  5 50.3 | -0.97 | 163 30.4 | 12 11 17 | 6 30 ( 97) | 17 54 (263) |
| 2027 Mar  7 | D | 177 12.5 | 15.002 | S  5 27.1 | -0.97 | 164 29.5 | 12 11  3 | 6 28 ( 97) | 17 55 (264) |
| 2027 Mar  8 | L | 177 16.1 | 15.003 | S  5  3.7 | -0.98 | 165 28.7 | 12 10 48 | 6 26 ( 96) | 17 56 (264) |
| 2027 Mar  9 | M | 177 19.7 | 15.003 | S  4 40.3 | -0.98 | 166 27.8 | 12 10 34 | 6 24 ( 96) | 17 58 (265) |
| 2027 Mar 10 | M | 177 23.5 | 15.003 | S  4 16.8 | -0.98 | 167 26.9 | 12 10 19 | 6 22 ( 95) | 17 59 (265) |
| 2027 Mar 11 | J | 177 27.3 | 15.003 | S  3 53.3 | -0.98 | 168 26.1 | 12 10  3 | 6 21 ( 95) | 18 00 (266) |
| 2027 Mar 12 | V | 177 31.2 | 15.003 | S  3 29.7 | -0.98 | 169 25.2 | 12  9 47 | 6 19 ( 94) | 18 02 (266) |
| 2027 Mar 13 | S | 177 35.2 | 15.003 | S  3  6.1 | -0.99 | 170 24.4 | 12  9 31 | 6 17 ( 93) | 18 03 (267) |
| 2027 Mar 14 | D | 177 39.2 | 15.003 | S  2 42.4 | -0.99 | 171 23.5 | 12  9 15 | 6 15 ( 93) | 18 04 (267) |
| 2027 Mar 15 | L | 177 43.4 | 15.003 | S  2 18.8 | -0.99 | 172 22.6 | 12  8 58 | 6 13 ( 92) | 18 06 (268) |
| 2027 Mar 16 | M | 177 47.6 | 15.003 | S  1 55.1 | -0.99 | 173 21.8 | 12  8 41 | 6 11 ( 92) | 18 07 (269) |
| 2027 Mar 17 | M | 177 51.8 | 15.003 | S  1 31.3 | -0.99 | 174 20.9 | 12  8 24 | 6 09 ( 91) | 18 08 (269) |
| 2027 Mar 18 | J | 177 56.1 | 15.003 | S  1  7.6 | -0.99 | 175 20.1 | 12  8  7 | 6 08 ( 91) | 18 09 (270) |
| 2027 Mar 19 | V | 178  0.5 | 15.003 | S  0 43.9 | -0.99 | 176 19.2 | 12  7 49 | 6 06 ( 90) | 18 11 (270) |
| 2027 Mar 20 | S | 178  4.9 | 15.003 | S  0 20.2 | -0.99 | 177 18.3 | 12  7 31 | 6 04 ( 90) | 18 12 (271) |
| 2027 Mar 21 | D | 178  9.3 | 15.003 | N  0  3.5 | +0.99 | 178 17.5 | 12  7 14 | 6 02 ( 89) | 18 13 (271) |
| 2027 Mar 22 | L | 178 13.8 | 15.003 | N  0 27.2 | +0.99 | 179 16.6 | 12  6 56 | 6 00 ( 88) | 18 15 (272) |
| 2027 Mar 23 | M | 178 18.3 | 15.003 | N  0 50.9 | +0.99 | 180 15.7 | 12  6 38 | 5 58 ( 88) | 18 16 (272) |
| 2027 Mar 24 | M | 178 22.8 | 15.003 | N  1 14.5 | +0.98 | 181 14.9 | 12  6 20 | 5 56 ( 87) | 18 17 (273) |
| 2027 Mar 25 | J | 178 27.4 | 15.003 | N  1 38.2 | +0.98 | 182 14.0 | 12  6  1 | 5 54 ( 87) | 18 18 (274) |
| 2027 Mar 26 | V | 178 31.9 | 15.003 | N  2  1.7 | +0.98 | 183 13.2 | 12  5 43 | 5 53 ( 86) | 18 20 (274) |
| 2027 Mar 27 | S | 178 36.4 | 15.003 | N  2 25.3 | +0.98 | 184 12.3 | 12  5 25 | 5 51 ( 86) | 18 21 (275) |
| 2027 Mar 28 | D | 178 41.0 | 15.003 | N  2 48.8 | +0.98 | 185 11.4 | 12  5  7 | 5 49 ( 85) | 18 22 (275) |
| 2027 Mar 29 | L | 178 45.5 | 15.003 | N  3 12.2 | +0.97 | 186 10.6 | 12  4 49 | 5 47 ( 84) | 18 23 (276) |
| 2027 Mar 30 | M | 178 50.0 | 15.003 | N  3 35.6 | +0.97 | 187  9.7 | 12  4 31 | 5 45 ( 84) | 18 25 (276) |
| 2027 Mar 31 | M | 178 54.5 | 15.003 | N  3 58.9 | +0.97 | 188  8.9 | 12  4 13 | 5 43 ( 83) | 18 26 (277) |
| 2027 Avr  1 | J | 178 59.0 | 15.003 | N  4 22.1 | +0.97 | 189  8.0 | 12  3 55 | 5 41 ( 83) | 18 27 (277) |
| 2027 Avr  2 | V | 179  3.4 | 15.003 | N  4 45.3 | +0.96 | 190  7.1 | 12  3 37 | 5 40 ( 82) | 18 29 (278) |
| 2027 Avr  3 | S | 179  7.8 | 15.003 | N  5  8.4 | +0.96 | 191  6.3 | 12  3 20 | 5 38 ( 82) | 18 30 (279) |
| 2027 Avr  4 | D | 179 12.2 | 15.003 | N  5 31.3 | +0.95 | 192  5.4 | 12  3  2 | 5 36 ( 81) | 18 31 (279) |
| 2027 Avr  5 | L | 179 16.6 | 15.003 | N  5 54.2 | +0.95 | 193  4.5 | 12  2 45 | 5 34 ( 81) | 18 32 (280) |
| 2027 Avr  6 | M | 179 20.8 | 15.003 | N  6 17.0 | +0.95 | 194  3.7 | 12  2 28 | 5 32 ( 80) | 18 34 (280) |
| 2027 Avr  7 | M | 179 25.1 | 15.003 | N  6 39.7 | +0.94 | 195  2.8 | 12  2 11 | 5 30 ( 80) | 18 35 (281) |
| 2027 Avr  8 | J | 179 29.3 | 15.003 | N  7  2.3 | +0.94 | 196  2.0 | 12  1 55 | 5 28 ( 79) | 18 36 (281) |
| 2027 Avr  9 | V | 179 33.4 | 15.003 | N  7 24.7 | +0.93 | 197  1.1 | 12  1 38 | 5 27 ( 79) | 18 37 (282) |
| 2027 Avr 10 | S | 179 37.4 | 15.003 | N  7 47.0 | +0.92 | 198  0.2 | 12  1 22 | 5 25 ( 78) | 18 39 (282) |
| 2027 Avr 11 | D | 179 41.4 | 15.003 | N  8  9.2 | +0.92 | 198 59.4 | 12  1  6 | 5 23 ( 77) | 18 40 (283) |
| 2027 Avr 12 | L | 179 45.4 | 15.003 | N  8 31.3 | +0.91 | 199 58.5 | 12  0 51 | 5 21 ( 77) | 18 41 (283) |
| 2027 Avr 13 | M | 179 49.2 | 15.003 | N  8 53.2 | +0.91 | 200 57.7 | 12  0 35 | 5 20 ( 76) | 18 43 (284) |
| 2027 Avr 14 | M | 179 53.0 | 15.003 | N  9 14.9 | +0.90 | 201 56.8 | 12  0 20 | 5 18 ( 76) | 18 44 (284) |
| 2027 Avr 15 | J | 179 56.8 | 15.003 | N  9 36.5 | +0.89 | 202 55.9 | 12  0  6 | 5 16 ( 75) | 18 45 (285) |
| 2027 Avr 16 | V | 180  0.4 | 15.002 | N  9 58.0 | +0.89 | 203 55.1 | 11 59 51 | 5 14 ( 75) | 18 46 (285) |
| 2027 Avr 17 | S | 180  3.9 | 15.002 | N 10 19.2 | +0.88 | 204 54.2 | 11 59 37 | 5 13 ( 74) | 18 48 (286) |
| 2027 Avr 18 | D | 180  7.4 | 15.002 | N 10 40.3 | +0.87 | 205 53.3 | 11 59 24 | 5 11 ( 74) | 18 49 (286) |
| 2027 Avr 19 | L | 180 10.7 | 15.002 | N 11  1.2 | +0.86 | 206 52.5 | 11 59 10 | 5 09 ( 73) | 18 50 (287) |
| 2027 Avr 20 | M | 180 14.0 | 15.002 | N 11 22.0 | +0.86 | 207 51.6 | 11 58 58 | 5 07 ( 73) | 18 51 (287) |
| 2027 Avr 21 | M | 180 17.2 | 15.002 | N 11 42.5 | +0.85 | 208 50.8 | 11 58 45 | 5 06 ( 72) | 18 53 (288) |
| 2027 Avr 22 | J | 180 20.2 | 15.002 | N 12  2.9 | +0.84 | 209 49.9 | 11 58 33 | 5 04 ( 72) | 18 54 (288) |
| 2027 Avr 23 | V | 180 23.2 | 15.002 | N 12 23.1 | +0.83 | 210 49.0 | 11 58 22 | 5 02 ( 71) | 18 55 (289) |
| 2027 Avr 24 | S | 180 26.0 | 15.002 | N 12 43.0 | +0.82 | 211 48.2 | 11 58 11 | 5 01 ( 71) | 18 56 (289) |
| 2027 Avr 25 | D | 180 28.7 | 15.002 | N 13  2.8 | +0.81 | 212 47.3 | 11 58  0 | 4 59 ( 70) | 18 58 (290) |
| 2027 Avr 26 | L | 180 31.3 | 15.002 | N 13 22.3 | +0.80 | 213 46.5 | 11 57 50 | 4 58 ( 70) | 18 59 (290) |
| 2027 Avr 27 | M | 180 33.7 | 15.002 | N 13 41.6 | +0.80 | 214 45.6 | 11 57 40 | 4 56 ( 69) | 19 00 (291) |
| 2027 Avr 28 | M | 180 36.1 | 15.002 | N 14  0.7 | +0.79 | 215 44.7 | 11 57 31 | 4 54 ( 69) | 19 01 (291) |
| 2027 Avr 29 | J | 180 38.3 | 15.001 | N 14 19.6 | +0.78 | 216 43.9 | 11 57 23 | 4 53 ( 69) | 19 03 (292) |
| 2027 Avr 30 | V | 180 40.3 | 15.001 | N 14 38.2 | +0.77 | 217 43.0 | 11 57 15 | 4 51 ( 68) | 19 04 (292) |
| 2027 Mai  1 | S | 180 42.3 | 15.001 | N 14 56.6 | +0.76 | 218 42.2 | 11 57  7 | 4 50 ( 68) | 19 05 (293) |
| 2027 Mai  2 | D | 180 44.1 | 15.001 | N 15 14.7 | +0.75 | 219 41.3 | 11 57  0 | 4 48 ( 67) | 19 06 (293) |
| 2027 Mai  3 | L | 180 45.7 | 15.001 | N 15 32.6 | +0.73 | 220 40.4 | 11 56 54 | 4 47 ( 67) | 19 08 (294) |
| 2027 Mai  4 | M | 180 47.2 | 15.001 | N 15 50.3 | +0.72 | 221 39.6 | 11 56 48 | 4 46 ( 66) | 19 09 (294) |
| 2027 Mai  5 | M | 180 48.6 | 15.001 | N 16  7.6 | +0.71 | 222 38.7 | 11 56 43 | 4 44 ( 66) | 19 10 (294) |
| 2027 Mai  6 | J | 180 49.8 | 15.001 | N 16 24.8 | +0.70 | 223 37.8 | 11 56 39 | 4 43 ( 65) | 19 11 (295) |
| 2027 Mai  7 | V | 180 50.9 | 15.001 | N 16 41.6 | +0.69 | 224 37.0 | 11 56 34 | 4 41 ( 65) | 19 13 (295) |
| 2027 Mai  8 | S | 180 51.9 | 15.001 | N 16 58.1 | +0.68 | 225 36.1 | 11 56 31 | 4 40 ( 65) | 19 14 (296) |
| 2027 Mai  9 | D | 180 52.7 | 15.000 | N 17 14.4 | +0.67 | 226 35.3 | 11 56 28 | 4 39 ( 64) | 19 15 (296) |
| 2027 Mai 10 | L | 180 53.3 | 15.000 | N 17 30.4 | +0.65 | 227 34.4 | 11 56 26 | 4 37 ( 64) | 19 16 (296) |
| 2027 Mai 11 | M | 180 53.9 | 15.000 | N 17 46.1 | +0.64 | 228 33.5 | 11 56 24 | 4 36 ( 63) | 19 17 (297) |
| 2027 Mai 12 | M | 180 54.3 | 15.000 | N 18  1.5 | +0.63 | 229 32.7 | 11 56 22 | 4 35 ( 63) | 19 19 (297) |
| 2027 Mai 13 | J | 180 54.5 | 15.000 | N 18 16.5 | +0.62 | 230 31.8 | 11 56 22 | 4 34 ( 63) | 19 20 (298) |
| 2027 Mai 14 | V | 180 54.6 | 15.000 | N 18 31.3 | +0.60 | 231 31.0 | 11 56 22 | 4 33 ( 62) | 19 21 (298) |
| 2027 Mai 15 | S | 180 54.6 | 15.000 | N 18 45.8 | +0.59 | 232 30.1 | 11 56 22 | 4 31 ( 62) | 19 22 (298) |
| 2027 Mai 16 | D | 180 54.4 | 15.000 | N 18 59.9 | +0.58 | 233 29.2 | 11 56 23 | 4 30 ( 62) | 19 23 (299) |
| 2027 Mai 17 | L | 180 54.2 | 15.000 | N 19 13.7 | +0.56 | 234 28.4 | 11 56 24 | 4 29 ( 61) | 19 24 (299) |
| 2027 Mai 18 | M | 180 53.7 | 15.000 | N 19 27.2 | +0.55 | 235 27.5 | 11 56 26 | 4 28 ( 61) | 19 25 (299) |
| 2027 Mai 19 | M | 180 53.1 | 15.000 | N 19 40.4 | +0.53 | 236 26.7 | 11 56 29 | 4 27 ( 61) | 19 26 (300) |
| 2027 Mai 20 | J | 180 52.4 | 14.999 | N 19 53.2 | +0.52 | 237 25.8 | 11 56 32 | 4 26 ( 60) | 19 28 (300) |
| 2027 Mai 21 | V | 180 51.6 | 14.999 | N 20  5.7 | +0.51 | 238 24.9 | 11 56 35 | 4 25 ( 60) | 19 29 (300) |
| 2027 Mai 22 | S | 180 50.6 | 14.999 | N 20 17.8 | +0.49 | 239 24.1 | 11 56 40 | 4 24 ( 60) | 19 30 (301) |
| 2027 Mai 23 | D | 180 49.5 | 14.999 | N 20 29.6 | +0.48 | 240 23.2 | 11 56 44 | 4 23 ( 59) | 19 31 (301) |
| 2027 Mai 24 | L | 180 48.3 | 14.999 | N 20 41.1 | +0.46 | 241 22.4 | 11 56 50 | 4 22 ( 59) | 19 32 (301) |
| 2027 Mai 25 | M | 180 46.9 | 14.999 | N 20 52.2 | +0.45 | 242 21.5 | 11 56 55 | 4 22 ( 59) | 19 33 (301) |
| 2027 Mai 26 | M | 180 45.4 | 14.999 | N 21  2.9 | +0.43 | 243 20.6 | 11 57  2 | 4 21 ( 58) | 19 34 (302) |
| 2027 Mai 27 | J | 180 43.8 | 14.999 | N 21 13.3 | +0.42 | 244 19.8 | 11 57  8 | 4 20 ( 58) | 19 35 (302) |
| 2027 Mai 28 | V | 180 42.1 | 14.999 | N 21 23.3 | +0.40 | 245 18.9 | 11 57 15 | 4 19 ( 58) | 19 36 (302) |
| 2027 Mai 29 | S | 180 40.2 | 14.999 | N 21 32.9 | +0.39 | 246 18.0 | 11 57 23 | 4 19 ( 58) | 19 37 (302) |
| 2027 Mai 30 | D | 180 38.2 | 14.999 | N 21 42.2 | +0.37 | 247 17.2 | 11 57 31 | 4 18 ( 57) | 19 38 (303) |
| 2027 Mai 31 | L | 180 36.1 | 14.998 | N 21 51.1 | +0.35 | 248 16.3 | 11 57 40 | 4 17 ( 57) | 19 38 (303) |
| 2027 Jun  1 | M | 180 33.9 | 14.998 | N 21 59.6 | +0.34 | 249 15.5 | 11 57 49 | 4 17 ( 57) | 19 39 (303) |
| 2027 Jun  2 | M | 180 31.6 | 14.998 | N 22  7.7 | +0.32 | 250 14.6 | 11 57 58 | 4 16 ( 57) | 19 40 (303) |
| 2027 Jun  3 | J | 180 29.2 | 14.998 | N 22 15.4 | +0.31 | 251 13.7 | 11 58  8 | 4 16 ( 57) | 19 41 (304) |
| 2027 Jun  4 | V | 180 26.7 | 14.998 | N 22 22.8 | +0.29 | 252 12.9 | 11 58 18 | 4 15 ( 56) | 19 42 (304) |
| 2027 Jun  5 | S | 180 24.1 | 14.998 | N 22 29.7 | +0.27 | 253 12.0 | 11 58 29 | 4 15 ( 56) | 19 42 (304) |
| 2027 Jun  6 | D | 180 21.4 | 14.998 | N 22 36.3 | +0.26 | 254 11.2 | 11 58 40 | 4 14 ( 56) | 19 43 (304) |
| 2027 Jun  7 | L | 180 18.6 | 14.998 | N 22 42.5 | +0.24 | 255 10.3 | 11 58 51 | 4 14 ( 56) | 19 44 (304) |
| 2027 Jun  8 | M | 180 15.8 | 14.998 | N 22 48.2 | +0.22 | 256  9.4 | 11 59  3 | 4 14 ( 56) | 19 45 (304) |
| 2027 Jun  9 | M | 180 12.9 | 14.998 | N 22 53.6 | +0.21 | 257  8.6 | 11 59 14 | 4 14 ( 56) | 19 45 (304) |
| 2027 Jun 10 | J | 180 10.0 | 14.998 | N 22 58.6 | +0.19 | 258  7.7 | 11 59 26 | 4 13 ( 55) | 19 46 (305) |
| 2027 Jun 11 | V | 180  7.0 | 14.998 | N 23  3.1 | +0.17 | 259  6.9 | 11 59 38 | 4 13 ( 55) | 19 46 (305) |
| 2027 Jun 12 | S | 180  3.9 | 14.998 | N 23  7.3 | +0.16 | 260  6.0 | 11 59 51 | 4 13 ( 55) | 19 47 (305) |
| 2027 Jun 13 | D | 180  0.8 | 14.998 | N 23 11.0 | +0.14 | 261  5.1 | 12  0  3 | 4 13 ( 55) | 19 47 (305) |
| 2027 Jun 14 | L | 179 57.7 | 14.998 | N 23 14.3 | +0.12 | 262  4.3 | 12  0 16 | 4 13 ( 55) | 19 48 (305) |
| 2027 Jun 15 | M | 179 54.5 | 14.998 | N 23 17.3 | +0.10 | 263  3.4 | 12  0 28 | 4 13 ( 55) | 19 48 (305) |
| 2027 Jun 16 | M | 179 51.3 | 14.998 | N 23 19.8 | +0.09 | 264  2.6 | 12  0 41 | 4 13 ( 55) | 19 49 (305) |
| 2027 Jun 17 | J | 179 48.1 | 14.998 | N 23 21.9 | +0.07 | 265  1.7 | 12  0 54 | 4 13 ( 55) | 19 49 (305) |
| 2027 Jun 18 | V | 179 44.9 | 14.998 | N 23 23.6 | +0.05 | 266  0.8 | 12  1  7 | 4 13 ( 55) | 19 49 (305) |
| 2027 Jun 19 | S | 179 41.7 | 14.998 | N 23 24.8 | +0.04 | 266 60.0 | 12  1 20 | 4 13 ( 55) | 19 50 (305) |
| 2027 Jun 20 | D | 179 38.4 | 14.998 | N 23 25.7 | +0.02 | 267 59.1 | 12  1 33 | 4 13 ( 55) | 19 50 (305) |
| 2027 Jun 21 | L | 179 35.2 | 14.998 | N 23 26.2 | +0.00 | 268 58.3 | 12  1 46 | 4 13 ( 55) | 19 50 (305) |
| 2027 Jun 22 | M | 179 31.9 | 14.998 | N 23 26.2 | -0.02 | 269 57.4 | 12  1 59 | 4 13 ( 55) | 19 50 (305) |
| 2027 Jun 23 | M | 179 28.7 | 14.998 | N 23 25.8 | -0.03 | 270 56.5 | 12  2 12 | 4 14 ( 55) | 19 51 (305) |
| 2027 Jun 24 | J | 179 25.5 | 14.998 | N 23 25.0 | -0.05 | 271 55.7 | 12  2 25 | 4 14 ( 55) | 19 51 (305) |
| 2027 Jun 25 | V | 179 22.3 | 14.998 | N 23 23.8 | -0.07 | 272 54.8 | 12  2 37 | 4 14 ( 55) | 19 51 (305) |
| 2027 Jun 26 | S | 179 19.1 | 14.998 | N 23 22.2 | -0.08 | 273 54.0 | 12  2 50 | 4 15 ( 55) | 19 51 (305) |
| 2027 Jun 27 | D | 179 15.9 | 14.998 | N 23 20.2 | -0.10 | 274 53.1 | 12  3  3 | 4 15 ( 55) | 19 51 (305) |
| 2027 Jun 28 | L | 179 12.8 | 14.998 | N 23 17.8 | -0.12 | 275 52.2 | 12  3 15 | 4 16 ( 55) | 19 51 (305) |
| 2027 Jun 29 | M | 179  9.7 | 14.998 | N 23 14.9 | -0.14 | 276 51.4 | 12  3 27 | 4 16 ( 55) | 19 51 (305) |
| 2027 Jun 30 | M | 179  6.7 | 14.998 | N 23 11.7 | -0.15 | 277 50.5 | 12  3 39 | 4 16 ( 55) | 19 51 (305) |
| 2027 Jul  1 | J | 179  3.7 | 14.998 | N 23  8.0 | -0.17 | 278 49.6 | 12  3 51 | 4 17 ( 55) | 19 50 (305) |
| 2027 Jul  2 | V | 179  0.8 | 14.998 | N 23  4.0 | -0.19 | 279 48.8 | 12  4  3 | 4 18 ( 55) | 19 50 (305) |
| 2027 Jul  3 | S | 178 57.9 | 14.998 | N 22 59.5 | -0.20 | 280 47.9 | 12  4 14 | 4 18 ( 55) | 19 50 (304) |
| 2027 Jul  4 | D | 178 55.2 | 14.998 | N 22 54.6 | -0.22 | 281 47.1 | 12  4 25 | 4 19 ( 56) | 19 50 (304) |
| 2027 Jul  5 | L | 178 52.4 | 14.998 | N 22 49.4 | -0.24 | 282 46.2 | 12  4 36 | 4 19 ( 56) | 19 49 (304) |
| 2027 Jul  6 | M | 178 49.8 | 14.998 | N 22 43.7 | -0.25 | 283 45.4 | 12  4 46 | 4 20 ( 56) | 19 49 (304) |
| 2027 Jul  7 | M | 178 47.3 | 14.998 | N 22 37.6 | -0.27 | 284 44.5 | 12  4 56 | 4 21 ( 56) | 19 49 (304) |
| 2027 Jul  8 | J | 178 44.9 | 14.998 | N 22 31.2 | -0.29 | 285 43.6 | 12  5  5 | 4 22 ( 56) | 19 48 (304) |
| 2027 Jul  9 | V | 178 42.5 | 14.998 | N 22 24.3 | -0.30 | 286 42.8 | 12  5 14 | 4 22 ( 56) | 19 48 (303) |
| 2027 Jul 10 | S | 178 40.3 | 14.999 | N 22 17.1 | -0.32 | 287 41.9 | 12  5 23 | 4 23 ( 57) | 19 47 (303) |
| 2027 Jul 11 | D | 178 38.2 | 14.999 | N 22  9.5 | -0.33 | 288 41.0 | 12  5 31 | 4 24 ( 57) | 19 47 (303) |
| 2027 Jul 12 | L | 178 36.2 | 14.999 | N 22  1.5 | -0.35 | 289 40.2 | 12  5 39 | 4 25 ( 57) | 19 46 (303) |
| 2027 Jul 13 | M | 178 34.3 | 14.999 | N 21 53.1 | -0.36 | 290 39.3 | 12  5 46 | 4 26 ( 57) | 19 45 (303) |
| 2027 Jul 14 | M | 178 32.5 | 14.999 | N 21 44.4 | -0.38 | 291 38.5 | 12  5 53 | 4 26 ( 57) | 19 45 (302) |
| 2027 Jul 15 | J | 178 30.9 | 14.999 | N 21 35.3 | -0.39 | 292 37.6 | 12  5 60 | 4 27 ( 58) | 19 44 (302) |
| 2027 Jul 16 | V | 178 29.4 | 14.999 | N 21 25.8 | -0.41 | 293 36.7 | 12  6  5 | 4 28 ( 58) | 19 43 (302) |
| 2027 Jul 17 | S | 178 28.0 | 14.999 | N 21 16.0 | -0.43 | 294 35.9 | 12  6 11 | 4 29 ( 58) | 19 43 (302) |
| 2027 Jul 18 | D | 178 26.8 | 14.999 | N 21  5.8 | -0.44 | 295 35.0 | 12  6 15 | 4 30 ( 58) | 19 42 (301) |
| 2027 Jul 19 | L | 178 25.7 | 14.999 | N 20 55.2 | -0.45 | 296 34.2 | 12  6 19 | 4 31 ( 59) | 19 41 (301) |
| 2027 Jul 20 | M | 178 24.7 | 14.999 | N 20 44.3 | -0.47 | 297 33.3 | 12  6 23 | 4 32 ( 59) | 19 40 (301) |
| 2027 Jul 21 | M | 178 23.9 | 15.000 | N 20 33.0 | -0.48 | 298 32.4 | 12  6 26 | 4 33 ( 59) | 19 39 (300) |
| 2027 Jul 22 | J | 178 23.2 | 15.000 | N 20 21.4 | -0.50 | 299 31.6 | 12  6 29 | 4 34 ( 60) | 19 38 (300) |
| 2027 Jul 23 | V | 178 22.6 | 15.000 | N 20  9.5 | -0.51 | 300 30.7 | 12  6 31 | 4 35 ( 60) | 19 37 (300) |
| 2027 Jul 24 | S | 178 22.2 | 15.000 | N 19 57.2 | -0.53 | 301 29.9 | 12  6 32 | 4 36 ( 60) | 19 36 (300) |
| 2027 Jul 25 | D | 178 21.9 | 15.000 | N 19 44.6 | -0.54 | 302 29.0 | 12  6 33 | 4 37 ( 61) | 19 35 (299) |
| 2027 Jul 26 | L | 178 21.8 | 15.000 | N 19 31.6 | -0.55 | 303 28.1 | 12  6 33 | 4 38 ( 61) | 19 34 (299) |
| 2027 Jul 27 | M | 178 21.8 | 15.000 | N 19 18.4 | -0.57 | 304 27.3 | 12  6 33 | 4 39 ( 61) | 19 33 (299) |
| 2027 Jul 28 | M | 178 21.9 | 15.000 | N 19  4.8 | -0.58 | 305 26.4 | 12  6 32 | 4 41 ( 62) | 19 32 (298) |
| 2027 Jul 29 | J | 178 22.2 | 15.000 | N 18 50.9 | -0.59 | 306 25.6 | 12  6 30 | 4 42 ( 62) | 19 31 (298) |
| 2027 Jul 30 | V | 178 22.7 | 15.000 | N 18 36.6 | -0.61 | 307 24.7 | 12  6 28 | 4 43 ( 62) | 19 29 (297) |
| 2027 Jul 31 | S | 178 23.3 | 15.001 | N 18 22.1 | -0.62 | 308 23.8 | 12  6 25 | 4 44 ( 63) | 19 28 (297) |
| 2027 Aou  1 | D | 178 24.0 | 15.001 | N 18  7.3 | -0.63 | 309 23.0 | 12  6 22 | 4 45 ( 63) | 19 27 (297) |
| 2027 Aou  2 | L | 178 24.9 | 15.001 | N 17 52.2 | -0.64 | 310 22.1 | 12  6 18 | 4 46 ( 63) | 19 26 (296) |
| 2027 Aou  3 | M | 178 26.0 | 15.001 | N 17 36.7 | -0.65 | 311 21.3 | 12  6 14 | 4 47 ( 64) | 19 24 (296) |
| 2027 Aou  4 | M | 178 27.2 | 15.001 | N 17 21.0 | -0.67 | 312 20.4 | 12  6  9 | 4 48 ( 64) | 19 23 (296) |
| 2027 Aou  5 | J | 178 28.5 | 15.001 | N 17  5.1 | -0.68 | 313 19.5 | 12  6  3 | 4 50 ( 65) | 19 22 (295) |
| 2027 Aou  6 | V | 178 30.1 | 15.001 | N 16 48.8 | -0.69 | 314 18.7 | 12  5 57 | 4 51 ( 65) | 19 20 (295) |
| 2027 Aou  7 | S | 178 31.7 | 15.001 | N 16 32.3 | -0.70 | 315 17.8 | 12  5 50 | 4 52 ( 65) | 19 19 (294) |
| 2027 Aou  8 | D | 178 33.5 | 15.001 | N 16 15.5 | -0.71 | 316 16.9 | 12  5 42 | 4 53 ( 66) | 19 18 (294) |
| 2027 Aou  9 | L | 178 35.5 | 15.001 | N 15 58.4 | -0.72 | 317 16.1 | 12  5 34 | 4 54 ( 66) | 19 16 (293) |
| 2027 Aou 10 | M | 178 37.6 | 15.002 | N 15 41.1 | -0.73 | 318 15.2 | 12  5 25 | 4 55 ( 67) | 19 15 (293) |
| 2027 Aou 11 | M | 178 39.9 | 15.002 | N 15 23.6 | -0.74 | 319 14.4 | 12  5 16 | 4 57 ( 67) | 19 13 (293) |
| 2027 Aou 12 | J | 178 42.3 | 15.002 | N 15  5.8 | -0.75 | 320 13.5 | 12  5  6 | 4 58 ( 68) | 19 12 (292) |
| 2027 Aou 13 | V | 178 44.8 | 15.002 | N 14 47.7 | -0.76 | 321 12.6 | 12  4 55 | 4 59 ( 68) | 19 10 (292) |
| 2027 Aou 14 | S | 178 47.5 | 15.002 | N 14 29.4 | -0.77 | 322 11.8 | 12  4 44 | 5 00 ( 68) | 19 09 (291) |
| 2027 Aou 15 | D | 178 50.4 | 15.002 | N 14 10.9 | -0.78 | 323 10.9 | 12  4 33 | 5 01 ( 69) | 19 07 (291) |
| 2027 Aou 16 | L | 178 53.4 | 15.002 | N 13 52.2 | -0.79 | 324 10.1 | 12  4 20 | 5 03 ( 69) | 19 05 (290) |
| 2027 Aou 17 | M | 178 56.5 | 15.002 | N 13 33.3 | -0.80 | 325  9.2 | 12  4  8 | 5 04 ( 70) | 19 04 (290) |
| 2027 Aou 18 | M | 178 59.7 | 15.002 | N 13 14.1 | -0.81 | 326  8.3 | 12  3 55 | 5 05 ( 70) | 19 02 (289) |
| 2027 Aou 19 | J | 179  3.1 | 15.002 | N 12 54.7 | -0.82 | 327  7.5 | 12  3 41 | 5 06 ( 71) | 19 00 (289) |
| 2027 Aou 20 | V | 179  6.5 | 15.003 | N 12 35.2 | -0.82 | 328  6.6 | 12  3 27 | 5 07 ( 71) | 18 59 (288) |
| 2027 Aou 21 | S | 179 10.1 | 15.003 | N 12 15.4 | -0.83 | 329  5.8 | 12  3 12 | 5 08 ( 72) | 18 57 (288) |
| 2027 Aou 22 | D | 179 13.9 | 15.003 | N 11 55.4 | -0.84 | 330  4.9 | 12  2 57 | 5 10 ( 72) | 18 55 (287) |
| 2027 Aou 23 | L | 179 17.7 | 15.003 | N 11 35.3 | -0.85 | 331  4.0 | 12  2 41 | 5 11 ( 73) | 18 54 (287) |
| 2027 Aou 24 | M | 179 21.6 | 15.003 | N 11 14.9 | -0.86 | 332  3.2 | 12  2 26 | 5 12 ( 73) | 18 52 (286) |
| 2027 Aou 25 | M | 179 25.7 | 15.003 | N 10 54.4 | -0.86 | 333  2.3 | 12  2  9 | 5 13 ( 74) | 18 50 (286) |
| 2027 Aou 26 | J | 179 29.8 | 15.003 | N 10 33.7 | -0.87 | 334  1.4 | 12  1 52 | 5 14 ( 74) | 18 48 (285) |
| 2027 Aou 27 | V | 179 34.0 | 15.003 | N 10 12.8 | -0.88 | 335  0.6 | 12  1 35 | 5 16 ( 75) | 18 47 (285) |
| 2027 Aou 28 | S | 179 38.3 | 15.003 | N  9 51.8 | -0.88 | 335 59.7 | 12  1 18 | 5 17 ( 75) | 18 45 (284) |
| 2027 Aou 29 | D | 179 42.8 | 15.003 | N  9 30.6 | -0.89 | 336 58.9 | 12  1  0 | 5 18 ( 76) | 18 43 (284) |
| 2027 Aou 30 | L | 179 47.2 | 15.003 | N  9  9.2 | -0.90 | 337 58.0 | 12  0 42 | 5 19 ( 76) | 18 41 (283) |
| 2027 Aou 31 | M | 179 51.8 | 15.003 | N  8 47.7 | -0.90 | 338 57.1 | 12  0 23 | 5 20 ( 77) | 18 40 (283) |
| 2027 Sep  1 | M | 179 56.5 | 15.003 | N  8 26.1 | -0.91 | 339 56.3 | 12  0  5 | 5 22 ( 77) | 18 38 (282) |
| 2027 Sep  2 | J | 180  1.2 | 15.003 | N  8  4.3 | -0.91 | 340 55.4 | 11 59 46 | 5 23 ( 78) | 18 36 (282) |
| 2027 Sep  3 | V | 180  6.0 | 15.003 | N  7 42.4 | -0.92 | 341 54.6 | 11 59 26 | 5 24 ( 78) | 18 34 (281) |
| 2027 Sep  4 | S | 180 10.9 | 15.003 | N  7 20.4 | -0.92 | 342 53.7 | 11 59  7 | 5 25 ( 79) | 18 32 (281) |
| 2027 Sep  5 | D | 180 15.9 | 15.003 | N  6 58.3 | -0.93 | 343 52.8 | 11 58 47 | 5 26 ( 79) | 18 30 (280) |
| 2027 Sep  6 | L | 180 20.9 | 15.004 | N  6 36.0 | -0.93 | 344 52.0 | 11 58 26 | 5 28 ( 80) | 18 29 (280) |
| 2027 Sep  7 | M | 180 25.9 | 15.004 | N  6 13.7 | -0.94 | 345 51.1 | 11 58  6 | 5 29 ( 80) | 18 27 (279) |
| 2027 Sep  8 | M | 180 31.1 | 15.004 | N  5 51.2 | -0.94 | 346 50.2 | 11 57 45 | 5 30 ( 81) | 18 25 (279) |
| 2027 Sep  9 | J | 180 36.2 | 15.004 | N  5 28.7 | -0.94 | 347 49.4 | 11 57 25 | 5 31 ( 82) | 18 23 (278) |
| 2027 Sep 10 | V | 180 41.5 | 15.004 | N  5  6.0 | -0.95 | 348 48.5 | 11 57  4 | 5 32 ( 82) | 18 21 (278) |
| 2027 Sep 11 | S | 180 46.7 | 15.004 | N  4 43.3 | -0.95 | 349 47.7 | 11 56 43 | 5 33 ( 83) | 18 19 (277) |
| 2027 Sep 12 | D | 180 52.0 | 15.004 | N  4 20.5 | -0.95 | 350 46.8 | 11 56 21 | 5 35 ( 83) | 18 17 (277) |
| 2027 Sep 13 | L | 180 57.3 | 15.004 | N  3 57.6 | -0.96 | 351 45.9 | 11 56  0 | 5 36 ( 84) | 18 15 (276) |
| 2027 Sep 14 | M | 181  2.7 | 15.004 | N  3 34.7 | -0.96 | 352 45.1 | 11 55 39 | 5 37 ( 84) | 18 13 (275) |
| 2027 Sep 15 | M | 181  8.0 | 15.004 | N  3 11.7 | -0.96 | 353 44.2 | 11 55 17 | 5 38 ( 85) | 18 12 (275) |
| 2027 Sep 16 | J | 181 13.4 | 15.004 | N  2 48.6 | -0.96 | 354 43.4 | 11 54 56 | 5 39 ( 85) | 18 10 (274) |
| 2027 Sep 17 | V | 181 18.8 | 15.004 | N  2 25.5 | -0.97 | 355 42.5 | 11 54 34 | 5 41 ( 86) | 18 08 (274) |
| 2027 Sep 18 | S | 181 24.2 | 15.004 | N  2  2.3 | -0.97 | 356 41.6 | 11 54 13 | 5 42 ( 86) | 18 06 (273) |
| 2027 Sep 19 | D | 181 29.5 | 15.004 | N  1 39.1 | -0.97 | 357 40.8 | 11 53 51 | 5 43 ( 87) | 18 04 (273) |
| 2027 Sep 20 | L | 181 34.9 | 15.004 | N  1 15.8 | -0.97 | 358 39.9 | 11 53 30 | 5 44 ( 88) | 18 02 (272) |
| 2027 Sep 21 | M | 181 40.3 | 15.004 | N  0 52.5 | -0.97 | 359 39.0 | 11 53  8 | 5 45 ( 88) | 18 00 (272) |
| 2027 Sep 22 | M | 181 45.6 | 15.004 | N  0 29.2 | -0.97 |   0 38.2 | 11 52 47 | 5 47 ( 89) | 17 58 (271) |
| 2027 Sep 23 | J | 181 50.9 | 15.004 | N  0  5.9 | -0.97 |   1 37.3 | 11 52 26 | 5 48 ( 89) | 17 56 (271) |
| 2027 Sep 24 | V | 181 56.2 | 15.004 | S  0 17.5 | +0.97 |   2 36.5 | 11 52  5 | 5 49 ( 90) | 17 54 (270) |
| 2027 Sep 25 | S | 182  1.4 | 15.004 | S  0 40.8 | +0.97 |   3 35.6 | 11 51 44 | 5 50 ( 90) | 17 52 (269) |
| 2027 Sep 26 | D | 182  6.6 | 15.004 | S  1  4.2 | +0.97 |   4 34.7 | 11 51 24 | 5 51 ( 91) | 17 51 (269) |
| 2027 Sep 27 | L | 182 11.7 | 15.004 | S  1 27.6 | +0.97 |   5 33.9 | 11 51  3 | 5 53 ( 91) | 17 49 (268) |
| 2027 Sep 28 | M | 182 16.8 | 15.003 | S  1 50.9 | +0.97 |   6 33.0 | 11 50 43 | 5 54 ( 92) | 17 47 (268) |
| 2027 Sep 29 | M | 182 21.8 | 15.003 | S  2 14.3 | +0.97 |   7 32.2 | 11 50 23 | 5 55 ( 92) | 17 45 (267) |
| 2027 Sep 30 | J | 182 26.8 | 15.003 | S  2 37.6 | +0.97 |   8 31.3 | 11 50  3 | 5 56 ( 93) | 17 43 (267) |
| 2027 Oct  1 | V | 182 31.7 | 15.003 | S  3  0.9 | +0.97 |   9 30.4 | 11 49 44 | 5 58 ( 94) | 17 41 (266) |
| 2027 Oct  2 | S | 182 36.5 | 15.003 | S  3 24.2 | +0.97 |  10 29.6 | 11 49 25 | 5 59 ( 94) | 17 39 (266) |
| 2027 Oct  3 | D | 182 41.3 | 15.003 | S  3 47.4 | +0.97 |  11 28.7 | 11 49  6 | 6 00 ( 95) | 17 37 (265) |
| 2027 Oct  4 | L | 182 46.0 | 15.003 | S  4 10.6 | +0.96 |  12 27.8 | 11 48 47 | 6 01 ( 95) | 17 36 (265) |
| 2027 Oct  5 | M | 182 50.6 | 15.003 | S  4 33.8 | +0.96 |  13 27.0 | 11 48 29 | 6 03 ( 96) | 17 34 (264) |
| 2027 Oct  6 | M | 182 55.1 | 15.003 | S  4 56.8 | +0.96 |  14 26.1 | 11 48 11 | 6 04 ( 96) | 17 32 (263) |
| 2027 Oct  7 | J | 182 59.5 | 15.003 | S  5 19.8 | +0.96 |  15 25.3 | 11 47 53 | 6 05 ( 97) | 17 30 (263) |
| 2027 Oct  8 | V | 183  3.8 | 15.003 | S  5 42.8 | +0.95 |  16 24.4 | 11 47 36 | 6 06 ( 97) | 17 28 (262) |
| 2027 Oct  9 | S | 183  8.1 | 15.003 | S  6  5.7 | +0.95 |  17 23.5 | 11 47 20 | 6 08 ( 98) | 17 26 (262) |
| 2027 Oct 10 | D | 183 12.2 | 15.003 | S  6 28.5 | +0.95 |  18 22.7 | 11 47  3 | 6 09 ( 98) | 17 25 (261) |
| 2027 Oct 11 | L | 183 16.2 | 15.003 | S  6 51.2 | +0.94 |  19 21.8 | 11 46 48 | 6 10 ( 99) | 17 23 (261) |
| 2027 Oct 12 | M | 183 20.1 | 15.003 | S  7 13.8 | +0.94 |  20 21.0 | 11 46 32 | 6 11 (100) | 17 21 (260) |
| 2027 Oct 13 | M | 183 23.9 | 15.003 | S  7 36.3 | +0.93 |  21 20.1 | 11 46 17 | 6 13 (100) | 17 19 (260) |
| 2027 Oct 14 | J | 183 27.5 | 15.002 | S  7 58.7 | +0.93 |  22 19.2 | 11 46  3 | 6 14 (101) | 17 17 (259) |
| 2027 Oct 15 | V | 183 31.0 | 15.002 | S  8 21.0 | +0.92 |  23 18.4 | 11 45 49 | 6 15 (101) | 17 16 (259) |
| 2027 Oct 16 | S | 183 34.4 | 15.002 | S  8 43.1 | +0.92 |  24 17.5 | 11 45 36 | 6 17 (102) | 17 14 (258) |
| 2027 Oct 17 | D | 183 37.6 | 15.002 | S  9  5.2 | +0.91 |  25 16.6 | 11 45 23 | 6 18 (102) | 17 12 (258) |
| 2027 Oct 18 | L | 183 40.7 | 15.002 | S  9 27.1 | +0.91 |  26 15.8 | 11 45 11 | 6 19 (103) | 17 11 (257) |
| 2027 Oct 19 | M | 183 43.7 | 15.002 | S  9 48.9 | +0.90 |  27 14.9 | 11 44 60 | 6 20 (103) | 17 09 (257) |
| 2027 Oct 20 | M | 183 46.5 | 15.002 | S 10 10.6 | +0.90 |  28 14.1 | 11 44 49 | 6 22 (104) | 17 07 (256) |
| 2027 Oct 21 | J | 183 49.1 | 15.002 | S 10 32.1 | +0.89 |  29 13.2 | 11 44 39 | 6 23 (104) | 17 06 (256) |
| 2027 Oct 22 | V | 183 51.5 | 15.002 | S 10 53.4 | +0.88 |  30 12.3 | 11 44 29 | 6 24 (105) | 17 04 (255) |
| 2027 Oct 23 | S | 183 53.8 | 15.001 | S 11 14.6 | +0.88 |  31 11.5 | 11 44 21 | 6 26 (105) | 17 02 (254) |
| 2027 Oct 24 | D | 183 55.9 | 15.001 | S 11 35.6 | +0.87 |  32 10.6 | 11 44 13 | 6 27 (106) | 17 01 (254) |
| 2027 Oct 25 | L | 183 57.8 | 15.001 | S 11 56.5 | +0.86 |  33  9.8 | 11 44  5 | 6 28 (106) | 16 59 (254) |
| 2027 Oct 26 | M | 183 59.6 | 15.001 | S 12 17.1 | +0.85 |  34  8.9 | 11 43 59 | 6 30 (107) | 16 58 (253) |
| 2027 Oct 27 | M | 184  1.1 | 15.001 | S 12 37.6 | +0.85 |  35  8.0 | 11 43 53 | 6 31 (107) | 16 56 (253) |
| 2027 Oct 28 | J | 184  2.5 | 15.001 | S 12 57.9 | +0.84 |  36  7.2 | 11 43 48 | 6 32 (108) | 16 54 (252) |
| 2027 Oct 29 | V | 184  3.7 | 15.001 | S 13 18.0 | +0.83 |  37  6.3 | 11 43 43 | 6 34 (108) | 16 53 (252) |
| 2027 Oct 30 | S | 184  4.7 | 15.001 | S 13 37.9 | +0.82 |  38  5.4 | 11 43 40 | 6 35 (109) | 16 52 (251) |
| 2027 Oct 31 | D | 184  5.5 | 15.000 | S 13 57.5 | +0.81 |  39  4.6 | 11 43 37 | 6 37 (109) | 16 50 (251) |
| 2027 Nov  1 | L | 184  6.1 | 15.000 | S 14 17.0 | +0.80 |  40  3.7 | 11 43 35 | 6 38 (110) | 16 49 (250) |
| 2027 Nov  2 | M | 184  6.5 | 15.000 | S 14 36.2 | +0.79 |  41  2.9 | 11 43 34 | 6 39 (110) | 16 47 (250) |
| 2027 Nov  3 | M | 184  6.7 | 15.000 | S 14 55.1 | +0.78 |  42  2.0 | 11 43 33 | 6 41 (111) | 16 46 (249) |
| 2027 Nov  4 | J | 184  6.7 | 15.000 | S 15 13.9 | +0.77 |  43  1.1 | 11 43 34 | 6 42 (111) | 16 44 (249) |
| 2027 Nov  5 | V | 184  6.5 | 15.000 | S 15 32.3 | +0.76 |  44  0.3 | 11 43 35 | 6 43 (111) | 16 43 (248) |
| 2027 Nov  6 | S | 184  6.1 | 15.000 | S 15 50.6 | +0.75 |  44 59.4 | 11 43 37 | 6 45 (112) | 16 42 (248) |
| 2027 Nov  7 | D | 184  5.5 | 14.999 | S 16  8.5 | +0.74 |  45 58.6 | 11 43 40 | 6 46 (112) | 16 41 (247) |
| 2027 Nov  8 | L | 184  4.7 | 14.999 | S 16 26.2 | +0.73 |  46 57.7 | 11 43 43 | 6 48 (113) | 16 39 (247) |
| 2027 Nov  9 | M | 184  3.7 | 14.999 | S 16 43.6 | +0.71 |  47 56.8 | 11 43 48 | 6 49 (113) | 16 38 (247) |
| 2027 Nov 10 | M | 184  2.4 | 14.999 | S 17  0.7 | +0.70 |  48 56.0 | 11 43 53 | 6 50 (114) | 16 37 (246) |
| 2027 Nov 11 | J | 184  1.0 | 14.999 | S 17 17.5 | +0.69 |  49 55.1 | 11 43 59 | 6 52 (114) | 16 36 (246) |
| 2027 Nov 12 | V | 183 59.4 | 14.999 | S 17 34.1 | +0.68 |  50 54.2 | 11 44  6 | 6 53 (114) | 16 35 (245) |
| 2027 Nov 13 | S | 183 57.5 | 14.999 | S 17 50.3 | +0.66 |  51 53.4 | 11 44 14 | 6 54 (115) | 16 34 (245) |
| 2027 Nov 14 | D | 183 55.5 | 14.998 | S 18  6.2 | +0.65 |  52 52.5 | 11 44 22 | 6 56 (115) | 16 32 (245) |
| 2027 Nov 15 | L | 183 53.2 | 14.998 | S 18 21.8 | +0.64 |  53 51.7 | 11 44 32 | 6 57 (116) | 16 31 (244) |
| 2027 Nov 16 | M | 183 50.7 | 14.998 | S 18 37.1 | +0.62 |  54 50.8 | 11 44 42 | 6 58 (116) | 16 30 (244) |
| 2027 Nov 17 | M | 183 48.0 | 14.998 | S 18 52.1 | +0.61 |  55 49.9 | 11 44 53 | 7 00 (116) | 16 29 (243) |
| 2027 Nov 18 | J | 183 45.1 | 14.998 | S 19  6.7 | +0.60 |  56 49.1 | 11 45  6 | 7 01 (117) | 16 29 (243) |
| 2027 Nov 19 | V | 183 42.0 | 14.998 | S 19 21.0 | +0.58 |  57 48.2 | 11 45 18 | 7 03 (117) | 16 28 (243) |
| 2027 Nov 20 | S | 183 38.7 | 14.998 | S 19 34.9 | +0.57 |  58 47.4 | 11 45 32 | 7 04 (117) | 16 27 (242) |
| 2027 Nov 21 | D | 183 35.2 | 14.997 | S 19 48.5 | +0.55 |  59 46.5 | 11 45 47 | 7 05 (118) | 16 26 (242) |
| 2027 Nov 22 | L | 183 31.4 | 14.997 | S 20  1.7 | +0.54 |  60 45.6 | 11 46  2 | 7 06 (118) | 16 25 (242) |
| 2027 Nov 23 | M | 183 27.5 | 14.997 | S 20 14.6 | +0.52 |  61 44.8 | 11 46 18 | 7 08 (118) | 16 24 (241) |
| 2027 Nov 24 | M | 183 23.3 | 14.997 | S 20 27.1 | +0.50 |  62 43.9 | 11 46 35 | 7 09 (119) | 16 24 (241) |
| 2027 Nov 25 | J | 183 19.0 | 14.997 | S 20 39.2 | +0.49 |  63 43.1 | 11 46 53 | 7 10 (119) | 16 23 (241) |
| 2027 Nov 26 | V | 183 14.4 | 14.997 | S 20 50.9 | +0.47 |  64 42.2 | 11 47 12 | 7 12 (119) | 16 23 (241) |
| 2027 Nov 27 | S | 183  9.7 | 14.997 | S 21  2.3 | +0.46 |  65 41.3 | 11 47 31 | 7 13 (120) | 16 22 (240) |
| 2027 Nov 28 | D | 183  4.8 | 14.996 | S 21 13.2 | +0.44 |  66 40.5 | 11 47 51 | 7 14 (120) | 16 21 (240) |
| 2027 Nov 29 | L | 182 59.7 | 14.996 | S 21 23.8 | +0.42 |  67 39.6 | 11 48 12 | 7 15 (120) | 16 21 (240) |
| 2027 Nov 30 | M | 182 54.4 | 14.996 | S 21 33.9 | +0.41 |  68 38.8 | 11 48 33 | 7 16 (120) | 16 20 (239) |
| 2027 Dec  1 | M | 182 49.0 | 14.996 | S 21 43.6 | +0.39 |  69 37.9 | 11 48 55 | 7 18 (121) | 16 20 (239) |
| 2027 Dec  2 | J | 182 43.4 | 14.996 | S 21 52.9 | +0.37 |  70 37.0 | 11 49 18 | 7 19 (121) | 16 20 (239) |
| 2027 Dec  3 | V | 182 37.6 | 14.996 | S 22  1.8 | +0.35 |  71 36.2 | 11 49 41 | 7 20 (121) | 16 19 (239) |
| 2027 Dec  4 | S | 182 31.7 | 14.996 | S 22 10.3 | +0.33 |  72 35.3 | 11 50  5 | 7 21 (121) | 16 19 (239) |
| 2027 Dec  5 | D | 182 25.6 | 14.996 | S 22 18.3 | +0.32 |  73 34.5 | 11 50 30 | 7 22 (122) | 16 19 (238) |
| 2027 Dec  6 | L | 182 19.5 | 14.996 | S 22 25.9 | +0.30 |  74 33.6 | 11 50 55 | 7 23 (122) | 16 19 (238) |
| 2027 Dec  7 | M | 182 13.2 | 14.996 | S 22 33.1 | +0.28 |  75 32.7 | 11 51 20 | 7 24 (122) | 16 18 (238) |
| 2027 Dec  8 | M | 182  6.7 | 14.995 | S 22 39.8 | +0.26 |  76 31.9 | 11 51 46 | 7 25 (122) | 16 18 (238) |
| 2027 Dec  9 | J | 182  0.2 | 14.995 | S 22 46.1 | +0.24 |  77 31.0 | 11 52 13 | 7 26 (122) | 16 18 (238) |
| 2027 Dec 10 | V | 181 53.5 | 14.995 | S 22 52.0 | +0.22 |  78 30.2 | 11 52 39 | 7 27 (122) | 16 18 (238) |
| 2027 Dec 11 | S | 181 46.7 | 14.995 | S 22 57.3 | +0.21 |  79 29.3 | 11 53  7 | 7 28 (123) | 16 18 (237) |
| 2027 Dec 12 | D | 181 39.9 | 14.995 | S 23  2.3 | +0.19 |  80 28.4 | 11 53 34 | 7 29 (123) | 16 18 (237) |
| 2027 Dec 13 | L | 181 32.9 | 14.995 | S 23  6.8 | +0.17 |  81 27.6 | 11 54  2 | 7 29 (123) | 16 18 (237) |
| 2027 Dec 14 | M | 181 25.9 | 14.995 | S 23 10.8 | +0.15 |  82 26.7 | 11 54 31 | 7 30 (123) | 16 19 (237) |
| 2027 Dec 15 | M | 181 18.8 | 14.995 | S 23 14.3 | +0.13 |  83 25.9 | 11 54 59 | 7 31 (123) | 16 19 (237) |
| 2027 Dec 16 | J | 181 11.6 | 14.995 | S 23 17.4 | +0.11 |  84 25.0 | 11 55 28 | 7 32 (123) | 16 19 (237) |
| 2027 Dec 17 | V | 181  4.3 | 14.995 | S 23 20.1 | +0.09 |  85 24.1 | 11 55 57 | 7 32 (123) | 16 19 (237) |
| 2027 Dec 18 | S | 180 57.0 | 14.995 | S 23 22.2 | +0.07 |  86 23.3 | 11 56 27 | 7 33 (123) | 16 20 (237) |
| 2027 Dec 19 | D | 180 49.7 | 14.995 | S 23 23.9 | +0.05 |  87 22.4 | 11 56 56 | 7 34 (123) | 16 20 (237) |
| 2027 Dec 20 | L | 180 42.3 | 14.995 | S 23 25.2 | +0.03 |  88 21.6 | 11 57 26 | 7 34 (123) | 16 20 (237) |
| 2027 Dec 21 | M | 180 34.8 | 14.995 | S 23 25.9 | +0.01 |  89 20.7 | 11 57 56 | 7 35 (123) | 16 21 (237) |
| 2027 Dec 22 | M | 180 27.4 | 14.995 | S 23 26.2 | -0.01 |  90 19.8 | 11 58 25 | 7 35 (123) | 16 21 (237) |
| 2027 Dec 23 | J | 180 19.9 | 14.995 | S 23 26.0 | -0.03 |  91 19.0 | 11 58 55 | 7 36 (123) | 16 22 (237) |
| 2027 Dec 24 | V | 180 12.4 | 14.995 | S 23 25.4 | -0.05 |  92 18.1 | 11 59 25 | 7 36 (123) | 16 23 (237) |
| 2027 Dec 25 | S | 180  5.0 | 14.995 | S 23 24.3 | -0.07 |  93 17.2 | 11 59 55 | 7 37 (123) | 16 23 (237) |
| 2027 Dec 26 | D | 179 57.5 | 14.995 | S 23 22.7 | -0.09 |  94 16.4 | 12  0 25 | 7 37 (123) | 16 24 (237) |
| 2027 Dec 27 | L | 179 50.1 | 14.995 | S 23 20.6 | -0.11 |  95 15.5 | 12  0 55 | 7 37 (123) | 16 25 (237) |
| 2027 Dec 28 | M | 179 42.7 | 14.995 | S 23 18.1 | -0.13 |  96 14.7 | 12  1 24 | 7 38 (123) | 16 25 (237) |
| 2027 Dec 29 | M | 179 35.3 | 14.995 | S 23 15.1 | -0.14 |  97 13.8 | 12  1 54 | 7 38 (123) | 16 26 (237) |
| 2027 Dec 30 | J | 179 28.0 | 14.995 | S 23 11.6 | -0.16 |  98 13.0 | 12  2 23 | 7 38 (123) | 16 27 (237) |
| 2027 Dec 31 | V | 179 20.7 | 14.995 | S 23  7.7 | -0.18 |  99 12.1 | 12  2 52 | 7 38 (123) | 16 28 (237) |
 
                                                                                      (c) http://navastro.fr
 
      AHvo = Angle Horaire du Soleil vrai a Greenwich
  Var AHvo = Variation horaire de AHvo
       Dec = Declinaison du Soleil
   Var Dec = Variation horaire de Dec
      AHso = Angle Horaire du Point Vernal a Greenwich
  Var AHso = Variation horaire de AHso : 15.042° (constante)
    T.Pass = Heure UT de passage du Soleil a Greenwich
 Les heures UT et azimuts du lever et du coucher du soleil (apparition ou disparition du
 bord superieur du soleil) sont donnes pour une latitude de 45°N et une longitude de 0°.



                                             EPHEMERIDES NAUTIQUES SIMPLIFIEES
                                              DES PRINCIPALES ETOILES EN 2027
 
|             |              ASCENSION VERSE              ||                  DECLINAISON                  | 
|     Nom     |  JANVIER |   AVRIL  |  JUILLET |  OCTOBRE ||  JANVIER  |   AVRIL   |  JUILLET  |  OCTOBRE  |
|             |    °    '|    °    '|    °    '|    °    '||     °    '|     °    '|     °    '|     °    '|
| ACHERNAR    | 335 18.8 | 335 19.4 | 335 18.9 | 335 18.0 || S 57  6.2 | S 57  6.0 | S 57  5.5 | S 57  5.5 |
| ACRUX       | 172 58.2 | 172 57.3 | 172 57.8 | 172 58.2 || S 63 14.7 | S 63 15.2 | S 63 15.5 | S 63 15.2 |
|*ADHARA      | 255  4.2 | 255  4.4 | 255  4.6 | 255  4.1 || S 29  0.5 | S 29  0.8 | S 29  0.6 | S 29  0.3 |
|*ALDEBARAN   | 290 37.4 | 290 37.7 | 290 37.6 | 290 36.9 || N 16 33.8 | N 16 33.8 | N 16 33.8 | N 16 33.9 |
| Alioth      | 166 11.6 | 166 10.8 | 166 11.2 | 166 11.6 || N 55 48.4 | N 55 48.6 | N 55 48.8 | N 55 48.6 |
| Alkaid      | 152 50.9 | 152 50.1 | 152 50.3 | 152 50.7 || N 49 10.4 | N 49 10.4 | N 49 10.8 | N 49 10.6 |
| Al Na'Ir    |  27 31.2 |  27 31.0 |  27 30.1 |  27 29.8 || S 46 50.0 | S 46 49.6 | S 46 49.4 | S 46 49.5 |
|*Alnilam     | 275 35.7 | 275 36.0 | 275 36.0 | 275 35.4 || S  1 11.1 | S  1 11.2 | S  1 11.1 | S  1 10.9 |
|*Alphard     | 217 45.9 | 217 45.8 | 217 46.0 | 217 45.8 || S  8 46.6 | S  8 46.8 | S  8 46.8 | S  8 46.6 |
|*Alphecca    | 126  2.6 | 126  1.9 | 126  1.8 | 126  2.1 || N 26 37.3 | N 26 37.1 | N 26 37.4 | N 26 37.5 |
|*Alpheratz   | 357 33.1 | 357 33.2 | 357 32.6 | 357 32.1 || N 29 14.6 | N 29 14.4 | N 29 14.5 | N 29 14.8 |
|*ALTAIR      |  61 58.7 |  61 58.2 |  61 57.6 |  61 57.7 || N  8 56.4 | N  8 56.3 | N  8 56.5 | N  8 56.7 |
| Ankaa       | 353  5.6 | 353  5.8 | 353  5.2 | 353  4.6 || S 42  9.8 | S 42  9.5 | S 42  9.1 | S 42  9.2 |
|*ANTARES     | 112 14.1 | 112 13.4 | 112 13.0 | 112 13.3 || S 26 29.4 | S 26 29.5 | S 26 29.6 | S 26 29.6 |
|*ARCTURUS    | 145 46.6 | 145 45.9 | 145 45.9 | 145 46.2 || N 19  2.3 | N 19  2.2 | N 19  2.4 | N 19  2.4 |
| Atria       | 107  7.4 | 107  5.7 | 107  4.8 | 107  5.7 || S 69  4.4 | S 69  4.3 | S 69  4.7 | S 69  4.8 |
| Avior       | 234 13.5 | 234 13.7 | 234 14.5 | 234 14.1 || S 59 35.7 | S 59 36.1 | S 59 36.0 | S 59 35.6 |
|*BELLATRIX   | 278 20.8 | 278 21.0 | 278 21.0 | 278 20.4 || N  6 22.4 | N  6 22.4 | N  6 22.5 | N  6 22.6 |
|*BETELGEUSE  | 270 50.0 | 270 50.2 | 270 50.2 | 270 49.6 || N  7 24.7 | N  7 24.6 | N  7 24.7 | N  7 24.8 |
| CANOPUS     | 263 51.1 | 263 51.6 | 263 52.0 | 263 51.4 || S 52 42.6 | S 52 42.9 | S 52 42.6 | S 52 42.3 |
| CAPELLA     | 280 19.0 | 280 19.3 | 280 19.3 | 280 18.4 || N 46  1.5 | N 46  1.6 | N 46  1.4 | N 46  1.4 |
| CASTOR      | 245 54.6 | 245 54.7 | 245 54.9 | 245 54.3 || N 31 49.6 | N 31 49.7 | N 31 49.7 | N 31 49.5 |
| DENEB       |  49 25.1 |  49 24.8 |  49 24.0 |  49 24.0 || N 45 22.7 | N 45 22.4 | N 45 22.7 | N 45 23.1 |
|*Denebola    | 182 23.2 | 182 22.8 | 182 22.9 | 182 23.0 || N 14 25.1 | N 14 25.0 | N 14 25.1 | N 14 25.0 |
|*Diphda      | 348 45.6 | 348 45.8 | 348 45.3 | 348 44.7 || S 17 50.4 | S 17 50.3 | S 17 49.9 | S 17 49.9 |
| Dubhe       | 193 38.7 | 193 38.2 | 193 38.9 | 193 38.9 || N 61 35.9 | N 61 36.2 | N 61 36.3 | N 61 35.9 |
|*Elnath      | 277 59.4 | 277 59.7 | 277 59.6 | 277 58.9 || N 28 37.8 | N 28 37.8 | N 28 37.8 | N 28 37.8 |
| Eltanin     |  90 42.0 |  90 41.2 |  90 40.7 |  90 41.2 || N 51 29.0 | N 51 28.8 | N 51 29.2 | N 51 29.4 |
|*Enif        |  33 37.4 |  33 37.2 |  33 36.5 |  33 36.4 || N 10  0.0 | N  9 59.9 | N 10  0.1 | N 10  0.4 |
|*FOMALHAUT   |  15 12.9 |  15 12.8 |  15 12.1 |  15 11.7 || S 29 28.9 | S 29 28.6 | S 29 28.3 | S 29 28.4 |
| Gacrux      | 171 49.8 | 171 49.0 | 171 49.3 | 171 49.7 || S 57 15.6 | S 57 16.1 | S 57 16.4 | S 57 16.1 |
| Hadar       | 148 33.9 | 148 32.8 | 148 32.8 | 148 33.4 || S 60 30.0 | S 60 30.3 | S 60 30.6 | S 60 30.5 |
|*Hamal       | 327 49.2 | 327 49.4 | 327 49.0 | 327 48.3 || N 23 35.6 | N 23 35.4 | N 23 35.5 | N 23 35.7 |
| Kaus Austr. |  83 30.8 |  83 30.0 |  83 29.4 |  83 29.6 || S 34 22.3 | S 34 22.2 | S 34 22.2 | S 34 22.3 |
| Kochab      | 137 20.6 | 137 18.9 | 137 19.3 | 137 20.9 || N 74  2.3 | N 74  2.3 | N 74  2.7 | N 74  2.6 |
|*Markab      |  13 28.4 |  13 28.4 |  13 27.7 |  13 27.4 || N 15 21.2 | N 15 21.0 | N 15 21.2 | N 15 21.5 |
|*Menkar      | 314  4.2 | 314  4.5 | 314  4.2 | 314  3.6 || N  4 11.8 | N  4 11.7 | N  4 11.9 | N  4 12.1 |
| Menkent     | 147 55.8 | 147 55.1 | 147 55.0 | 147 55.3 || S 36 30.0 | S 36 30.3 | S 36 30.5 | S 36 30.4 |
| Miaplacidus | 221 37.1 | 221 37.4 | 221 38.6 | 221 38.4 || S 69 49.5 | S 69 50.0 | S 69 50.0 | S 69 49.6 |
| MIMOSA      | 167 40.3 | 167 39.4 | 167 39.7 | 167 40.1 || S 59 50.0 | S 59 50.4 | S 59 50.7 | S 59 50.4 |
| Mirfak      | 308 25.5 | 308 26.0 | 308 25.6 | 308 24.7 || N 49 57.6 | N 49 57.6 | N 49 57.4 | N 49 57.5 |
|*Nunki       |  75 46.1 |  75 45.5 |  75 44.9 |  75 45.0 || S 26 15.8 | S 26 15.7 | S 26 15.6 | S 26 15.7 |
| Peacock     |  53  3.7 |  53  3.1 |  53  2.0 |  53  2.0 || S 56 39.0 | S 56 38.6 | S 56 38.5 | S 56 38.8 |
| Polaire (La)| 312 50.8 | 313 28.7 | 313 15.4 | 312 28.5 || N 89 22.9 | N 89 22.9 | N 89 22.5 | N 89 22.6 |
|*POLLUX      | 243 14.9 | 243 15.0 | 243 15.2 | 243 14.7 || N 27 57.5 | N 27 57.6 | N 27 57.6 | N 27 57.4 |
|*PROCYON     | 244 48.8 | 244 48.8 | 244 49.0 | 244 48.6 || N  5  9.3 | N  5  9.2 | N  5  9.2 | N  5  9.3 |
|*Rasalhague  |  95 57.4 |  95 56.7 |  95 56.3 |  95 56.6 || N 12 32.4 | N 12 32.2 | N 12 32.5 | N 12 32.6 |
|*REGULUS     | 207 32.5 | 207 32.2 | 207 32.5 | 207 32.3 || N 11 50.0 | N 11 49.9 | N 11 50.0 | N 11 49.9 |
|*RIGEL       | 281  2.0 | 281  2.2 | 281  2.2 | 281  1.6 || S  8 10.3 | S  8 10.4 | S  8 10.2 | S  8 10.0 |
| RIGIL KENT. | 139 38.5 | 139 37.3 | 139 37.2 | 139 37.9 || S 60 56.6 | S 60 56.8 | S 60 57.2 | S 60 57.1 |
|*Sabik       | 102  1.2 | 102  0.5 | 102  0.1 | 102  0.3 || S 15 45.5 | S 15 45.6 | S 15 45.5 | S 15 45.5 |
| SCHAULA     |  96  8.5 |  96  7.7 |  96  7.2 |  96  7.4 || S 37  7.3 | S 37  7.3 | S 37  7.4 | S 37  7.5 |
| Schedar     | 349 29.1 | 349 29.5 | 349 28.6 | 349 27.9 || N 56 41.5 | N 56 41.2 | N 56 41.1 | N 56 41.5 |
|*SIRIUS      | 258 24.4 | 258 24.6 | 258 24.8 | 258 24.3 || S 16 45.2 | S 16 45.4 | S 16 45.2 | S 16 45.1 |
|*SPICA       | 158 20.6 | 158 20.0 | 158 20.1 | 158 20.2 || S 11 18.1 | S 11 18.4 | S 11 18.4 | S 11 18.3 |
| Suhail      | 222 44.7 | 222 44.7 | 222 45.1 | 222 44.9 || S 43 32.4 | S 43 32.9 | S 43 32.8 | S 43 32.5 |
| VEGA        |  80 32.6 |  80 32.0 |  80 31.4 |  80 31.7 || N 38 48.5 | N 38 48.2 | N 38 48.6 | N 38 48.9 |
|*Zuben'genubi| 136 54.4 | 136 53.7 | 136 53.5 | 136 53.8 || S 16  9.2 | S 16  9.4 | S 16  9.4 | S 16  9.4 |
 
                                                                                    (c) http://navastro.fr
 
 Etoiles de magnitude inferieure a 2,5.
 Les noms en MAJUSCULES designent les etoiles les plus brillantes, de magnitude inferieure a 1,6.
 Les noms precedes d'une * designent les etoiles de declinaison <30ø, utilisables avec les HO249 Vol. 2 et 3
