                            EPHEMERIDES NAUTIQUES DU SOLEIL A 0H UT - ANNEE 2022
                            ====================================================
 
|     Date    |Jr.|   AHvo   |Var AHvo|    Dec    |Var Dec|   AHso   |  T.Pass  |   Lever    |   Coucher   |
|             |   |    °    '|       °|     °    '|      '|    °    '|  h  m  s | h  m (Az°) |  h  m (Az°) |
| 2022 Jan  1 | S | 179 10.5 | 14.995 | S 23  1.2 | -0.21 | 100 37.6 | 12  3 32 | 7 38 (123) | 16 29 (238) |
| 2022 Jan  2 | D | 179  3.4 | 14.995 | S 22 56.2 | -0.23 | 101 36.7 | 12  4  0 | 7 38 (122) | 16 30 (238) |
| 2022 Jan  3 | L | 178 56.4 | 14.995 | S 22 50.6 | -0.25 | 102 35.9 | 12  4 28 | 7 38 (122) | 16 31 (238) |
| 2022 Jan  4 | M | 178 49.5 | 14.995 | S 22 44.7 | -0.27 | 103 35.0 | 12  4 56 | 7 38 (122) | 16 32 (238) |
| 2022 Jan  5 | M | 178 42.7 | 14.995 | S 22 38.2 | -0.29 | 104 34.2 | 12  5 23 | 7 38 (122) | 16 33 (238) |
| 2022 Jan  6 | J | 178 36.0 | 14.995 | S 22 31.4 | -0.30 | 105 33.3 | 12  5 49 | 7 38 (122) | 16 34 (238) |
| 2022 Jan  7 | V | 178 29.5 | 14.996 | S 22 24.1 | -0.32 | 106 32.4 | 12  6 15 | 7 38 (122) | 16 35 (239) |
| 2022 Jan  8 | S | 178 23.0 | 14.996 | S 22 16.3 | -0.34 | 107 31.6 | 12  6 41 | 7 38 (121) | 16 36 (239) |
| 2022 Jan  9 | D | 178 16.7 | 14.996 | S 22  8.1 | -0.36 | 108 30.7 | 12  7  6 | 7 37 (121) | 16 37 (239) |
| 2022 Jan 10 | L | 178 10.5 | 14.996 | S 21 59.5 | -0.38 | 109 29.8 | 12  7 30 | 7 37 (121) | 16 38 (239) |
| 2022 Jan 11 | M | 178  4.5 | 14.996 | S 21 50.4 | -0.40 | 110 29.0 | 12  7 54 | 7 37 (121) | 16 40 (239) |
| 2022 Jan 12 | M | 177 58.6 | 14.996 | S 21 40.9 | -0.41 | 111 28.1 | 12  8 17 | 7 36 (120) | 16 41 (240) |
| 2022 Jan 13 | J | 177 52.9 | 14.996 | S 21 31.0 | -0.43 | 112 27.3 | 12  8 40 | 7 36 (120) | 16 42 (240) |
| 2022 Jan 14 | V | 177 47.3 | 14.996 | S 21 20.7 | -0.45 | 113 26.4 | 12  9  2 | 7 35 (120) | 16 43 (240) |
| 2022 Jan 15 | S | 177 41.9 | 14.996 | S 21 10.0 | -0.46 | 114 25.5 | 12  9 23 | 7 35 (120) | 16 44 (240) |
| 2022 Jan 16 | D | 177 36.7 | 14.996 | S 20 58.8 | -0.48 | 115 24.7 | 12  9 44 | 7 34 (119) | 16 46 (241) |
| 2022 Jan 17 | L | 177 31.6 | 14.997 | S 20 47.3 | -0.50 | 116 23.8 | 12 10  4 | 7 34 (119) | 16 47 (241) |
| 2022 Jan 18 | M | 177 26.7 | 14.997 | S 20 35.4 | -0.51 | 117 23.0 | 12 10 23 | 7 33 (119) | 16 48 (241) |
| 2022 Jan 19 | M | 177 22.0 | 14.997 | S 20 23.1 | -0.53 | 118 22.1 | 12 10 41 | 7 32 (118) | 16 50 (242) |
| 2022 Jan 20 | J | 177 17.5 | 14.997 | S 20 10.4 | -0.54 | 119 21.2 | 12 10 59 | 7 31 (118) | 16 51 (242) |
| 2022 Jan 21 | V | 177 13.1 | 14.997 | S 19 57.3 | -0.56 | 120 20.4 | 12 11 16 | 7 31 (118) | 16 52 (242) |
| 2022 Jan 22 | S | 177  9.0 | 14.997 | S 19 43.8 | -0.58 | 121 19.5 | 12 11 32 | 7 30 (117) | 16 54 (243) |
| 2022 Jan 23 | D | 177  5.0 | 14.997 | S 19 30.0 | -0.59 | 122 18.7 | 12 11 48 | 7 29 (117) | 16 55 (243) |
| 2022 Jan 24 | L | 177  1.2 | 14.998 | S 19 15.8 | -0.61 | 123 17.8 | 12 12  3 | 7 28 (117) | 16 56 (243) |
| 2022 Jan 25 | M | 176 57.6 | 14.998 | S 19  1.3 | -0.62 | 124 16.9 | 12 12 17 | 7 27 (116) | 16 58 (244) |
| 2022 Jan 26 | M | 176 54.2 | 14.998 | S 18 46.4 | -0.63 | 125 16.1 | 12 12 30 | 7 26 (116) | 16 59 (244) |
| 2022 Jan 27 | J | 176 51.0 | 14.998 | S 18 31.2 | -0.65 | 126 15.2 | 12 12 42 | 7 25 (116) | 17 01 (245) |
| 2022 Jan 28 | V | 176 48.0 | 14.998 | S 18 15.6 | -0.66 | 127 14.3 | 12 12 54 | 7 24 (115) | 17 02 (245) |
| 2022 Jan 29 | S | 176 45.2 | 14.998 | S 17 59.7 | -0.68 | 128 13.5 | 12 13  5 | 7 23 (115) | 17 03 (245) |
| 2022 Jan 30 | D | 176 42.6 | 14.998 | S 17 43.5 | -0.69 | 129 12.6 | 12 13 15 | 7 22 (114) | 17 05 (246) |
| 2022 Jan 31 | L | 176 40.2 | 14.998 | S 17 27.0 | -0.70 | 130 11.8 | 12 13 24 | 7 21 (114) | 17 06 (246) |
| 2022 Fev  1 | M | 176 38.0 | 14.999 | S 17 10.1 | -0.71 | 131 10.9 | 12 13 32 | 7 20 (114) | 17 08 (247) |
| 2022 Fev  2 | M | 176 36.0 | 14.999 | S 16 53.0 | -0.73 | 132 10.1 | 12 13 40 | 7 19 (113) | 17 09 (247) |
| 2022 Fev  3 | J | 176 34.2 | 14.999 | S 16 35.5 | -0.74 | 133  9.2 | 12 13 47 | 7 18 (113) | 17 11 (247) |
| 2022 Fev  4 | V | 176 32.6 | 14.999 | S 16 17.8 | -0.75 | 134  8.3 | 12 13 53 | 7 16 (112) | 17 12 (248) |
| 2022 Fev  5 | S | 176 31.2 | 14.999 | S 15 59.8 | -0.76 | 135  7.5 | 12 13 58 | 7 15 (112) | 17 13 (248) |
| 2022 Fev  6 | D | 176 30.0 | 14.999 | S 15 41.5 | -0.77 | 136  6.6 | 12 14  2 | 7 14 (111) | 17 15 (249) |
| 2022 Fev  7 | L | 176 29.0 | 14.999 | S 15 22.9 | -0.78 | 137  5.7 | 12 14  6 | 7 12 (111) | 17 16 (249) |
| 2022 Fev  8 | M | 176 28.3 | 15.000 | S 15  4.1 | -0.79 | 138  4.9 | 12 14  8 | 7 11 (111) | 17 18 (250) |
| 2022 Fev  9 | M | 176 27.7 | 15.000 | S 14 45.0 | -0.81 | 139  4.0 | 12 14 10 | 7 10 (110) | 17 19 (250) |
| 2022 Fev 10 | J | 176 27.3 | 15.000 | S 14 25.7 | -0.82 | 140  3.2 | 12 14 11 | 7 08 (110) | 17 21 (251) |
| 2022 Fev 11 | V | 176 27.2 | 15.000 | S 14  6.1 | -0.82 | 141  2.3 | 12 14 11 | 7 07 (109) | 17 22 (251) |
| 2022 Fev 12 | S | 176 27.2 | 15.000 | S 13 46.3 | -0.83 | 142  1.4 | 12 14 11 | 7 06 (109) | 17 23 (252) |
| 2022 Fev 13 | D | 176 27.4 | 15.000 | S 13 26.3 | -0.84 | 143  0.6 | 12 14 10 | 7 04 (108) | 17 25 (252) |
| 2022 Fev 14 | L | 176 27.8 | 15.000 | S 13  6.1 | -0.85 | 143 59.7 | 12 14  8 | 7 03 (108) | 17 26 (253) |
| 2022 Fev 15 | M | 176 28.4 | 15.001 | S 12 45.6 | -0.86 | 144 58.9 | 12 14  5 | 7 01 (107) | 17 28 (253) |
| 2022 Fev 16 | M | 176 29.2 | 15.001 | S 12 25.0 | -0.87 | 145 58.0 | 12 14  1 | 7 00 (107) | 17 29 (254) |
| 2022 Fev 17 | J | 176 30.1 | 15.001 | S 12  4.1 | -0.88 | 146 57.1 | 12 13 57 | 6 58 (106) | 17 31 (254) |
| 2022 Fev 18 | V | 176 31.3 | 15.001 | S 11 43.1 | -0.88 | 147 56.3 | 12 13 52 | 6 56 (106) | 17 32 (255) |
| 2022 Fev 19 | S | 176 32.6 | 15.001 | S 11 21.8 | -0.89 | 148 55.4 | 12 13 47 | 6 55 (105) | 17 33 (255) |
| 2022 Fev 20 | D | 176 34.0 | 15.001 | S 11  0.4 | -0.90 | 149 54.5 | 12 13 41 | 6 53 (105) | 17 35 (256) |
| 2022 Fev 21 | L | 176 35.7 | 15.001 | S 10 38.8 | -0.91 | 150 53.7 | 12 13 34 | 6 52 (104) | 17 36 (256) |
| 2022 Fev 22 | M | 176 37.5 | 15.001 | S 10 17.1 | -0.91 | 151 52.8 | 12 13 26 | 6 50 (104) | 17 38 (257) |
| 2022 Fev 23 | M | 176 39.4 | 15.001 | S  9 55.2 | -0.92 | 152 52.0 | 12 13 18 | 6 48 (103) | 17 39 (257) |
| 2022 Fev 24 | J | 176 41.5 | 15.002 | S  9 33.1 | -0.93 | 153 51.1 | 12 13 10 | 6 47 (103) | 17 40 (258) |
| 2022 Fev 25 | V | 176 43.7 | 15.002 | S  9 10.9 | -0.93 | 154 50.2 | 12 13  0 | 6 45 (102) | 17 42 (258) |
| 2022 Fev 26 | S | 176 46.1 | 15.002 | S  8 48.6 | -0.94 | 155 49.4 | 12 12 51 | 6 43 (102) | 17 43 (259) |
| 2022 Fev 27 | D | 176 48.6 | 15.002 | S  8 26.1 | -0.94 | 156 48.5 | 12 12 40 | 6 42 (101) | 17 44 (259) |
| 2022 Fev 28 | L | 176 51.2 | 15.002 | S  8  3.5 | -0.95 | 157 47.7 | 12 12 30 | 6 40 (100) | 17 46 (260) |
| 2022 Mar  1 | M | 176 54.0 | 15.002 | S  7 40.8 | -0.95 | 158 46.8 | 12 12 18 | 6 38 (100) | 17 47 (260) |
| 2022 Mar  2 | M | 176 56.9 | 15.002 | S  7 17.9 | -0.96 | 159 45.9 | 12 12  6 | 6 36 ( 99) | 17 49 (261) |
| 2022 Mar  3 | J | 176 59.9 | 15.002 | S  6 55.0 | -0.96 | 160 45.1 | 12 11 54 | 6 35 ( 99) | 17 50 (261) |
| 2022 Mar  4 | V | 177  3.1 | 15.002 | S  6 31.9 | -0.96 | 161 44.2 | 12 11 41 | 6 33 ( 98) | 17 51 (262) |
| 2022 Mar  5 | S | 177  6.3 | 15.002 | S  6  8.8 | -0.97 | 162 43.3 | 12 11 28 | 6 31 ( 98) | 17 53 (263) |
| 2022 Mar  6 | D | 177  9.7 | 15.002 | S  5 45.6 | -0.97 | 163 42.5 | 12 11 14 | 6 29 ( 97) | 17 54 (263) |
| 2022 Mar  7 | L | 177 13.2 | 15.002 | S  5 22.3 | -0.97 | 164 41.6 | 12 11  0 | 6 27 ( 97) | 17 55 (264) |
| 2022 Mar  8 | M | 177 16.8 | 15.003 | S  4 58.9 | -0.98 | 165 40.8 | 12 10 46 | 6 26 ( 96) | 17 57 (264) |
| 2022 Mar  9 | M | 177 20.4 | 15.003 | S  4 35.5 | -0.98 | 166 39.9 | 12 10 31 | 6 24 ( 96) | 17 58 (265) |
| 2022 Mar 10 | J | 177 24.2 | 15.003 | S  4 12.0 | -0.98 | 167 39.0 | 12 10 15 | 6 22 ( 95) | 17 59 (265) |
| 2022 Mar 11 | V | 177 28.1 | 15.003 | S  3 48.5 | -0.98 | 168 38.2 | 12  9 60 | 6 20 ( 94) | 18 01 (266) |
| 2022 Mar 12 | S | 177 32.0 | 15.003 | S  3 24.9 | -0.98 | 169 37.3 | 12  9 44 | 6 18 ( 94) | 18 02 (266) |
| 2022 Mar 13 | D | 177 36.0 | 15.003 | S  3  1.3 | -0.99 | 170 36.5 | 12  9 28 | 6 16 ( 93) | 18 03 (267) |
| 2022 Mar 14 | L | 177 40.1 | 15.003 | S  2 37.6 | -0.99 | 171 35.6 | 12  9 11 | 6 15 ( 93) | 18 05 (268) |
| 2022 Mar 15 | M | 177 44.3 | 15.003 | S  2 13.9 | -0.99 | 172 34.7 | 12  8 54 | 6 13 ( 92) | 18 06 (268) |
| 2022 Mar 16 | M | 177 48.5 | 15.003 | S  1 50.2 | -0.99 | 173 33.9 | 12  8 37 | 6 11 ( 92) | 18 07 (269) |
| 2022 Mar 17 | J | 177 52.8 | 15.003 | S  1 26.5 | -0.99 | 174 33.0 | 12  8 20 | 6 09 ( 91) | 18 08 (269) |
| 2022 Mar 18 | V | 177 57.1 | 15.003 | S  1  2.8 | -0.99 | 175 32.1 | 12  8  3 | 6 07 ( 91) | 18 10 (270) |
| 2022 Mar 19 | S | 178  1.5 | 15.003 | S  0 39.1 | -0.99 | 176 31.3 | 12  7 45 | 6 05 ( 90) | 18 11 (270) |
| 2022 Mar 20 | D | 178  5.9 | 15.003 | S  0 15.4 | -0.99 | 177 30.4 | 12  7 27 | 6 03 ( 89) | 18 12 (271) |
| 2022 Mar 21 | L | 178 10.4 | 15.003 | N  0  8.3 | +0.99 | 178 29.6 | 12  7 10 | 6 02 ( 89) | 18 14 (271) |
| 2022 Mar 22 | M | 178 14.8 | 15.003 | N  0 32.0 | +0.99 | 179 28.7 | 12  6 52 | 6 00 ( 88) | 18 15 (272) |
| 2022 Mar 23 | M | 178 19.3 | 15.003 | N  0 55.7 | +0.99 | 180 27.8 | 12  6 34 | 5 58 ( 88) | 18 16 (273) |
| 2022 Mar 24 | J | 178 23.8 | 15.003 | N  1 19.3 | +0.98 | 181 27.0 | 12  6 16 | 5 56 ( 87) | 18 17 (273) |
| 2022 Mar 25 | V | 178 28.4 | 15.003 | N  1 43.0 | +0.98 | 182 26.1 | 12  5 58 | 5 54 ( 87) | 18 19 (274) |
| 2022 Mar 26 | S | 178 32.9 | 15.003 | N  2  6.5 | +0.98 | 183 25.3 | 12  5 39 | 5 52 ( 86) | 18 20 (274) |
| 2022 Mar 27 | D | 178 37.4 | 15.003 | N  2 30.1 | +0.98 | 184 24.4 | 12  5 21 | 5 50 ( 85) | 18 21 (275) |
| 2022 Mar 28 | L | 178 41.9 | 15.003 | N  2 53.6 | +0.98 | 185 23.5 | 12  5  3 | 5 48 ( 85) | 18 22 (275) |
| 2022 Mar 29 | M | 178 46.4 | 15.003 | N  3 17.0 | +0.97 | 186 22.7 | 12  4 45 | 5 47 ( 84) | 18 24 (276) |
| 2022 Mar 30 | M | 178 50.9 | 15.003 | N  3 40.4 | +0.97 | 187 21.8 | 12  4 27 | 5 45 ( 84) | 18 25 (276) |
| 2022 Mar 31 | J | 178 55.4 | 15.003 | N  4  3.7 | +0.97 | 188 20.9 | 12  4 10 | 5 43 ( 83) | 18 26 (277) |
| 2022 Avr  1 | V | 178 59.8 | 15.003 | N  4 26.9 | +0.96 | 189 20.1 | 12  3 52 | 5 41 ( 83) | 18 28 (278) |
| 2022 Avr  2 | S | 179  4.2 | 15.003 | N  4 50.0 | +0.96 | 190 19.2 | 12  3 34 | 5 39 ( 82) | 18 29 (278) |
| 2022 Avr  3 | D | 179  8.6 | 15.003 | N  5 13.1 | +0.96 | 191 18.4 | 12  3 17 | 5 37 ( 82) | 18 30 (279) |
| 2022 Avr  4 | L | 179 13.0 | 15.003 | N  5 36.1 | +0.95 | 192 17.5 | 12  2 59 | 5 35 ( 81) | 18 31 (279) |
| 2022 Avr  5 | M | 179 17.3 | 15.003 | N  5 58.9 | +0.95 | 193 16.6 | 12  2 42 | 5 34 ( 81) | 18 33 (280) |
| 2022 Avr  6 | M | 179 21.6 | 15.003 | N  6 21.7 | +0.94 | 194 15.8 | 12  2 25 | 5 32 ( 80) | 18 34 (280) |
| 2022 Avr  7 | J | 179 25.8 | 15.003 | N  6 44.4 | +0.94 | 195 14.9 | 12  2  8 | 5 30 ( 79) | 18 35 (281) |
| 2022 Avr  8 | V | 179 30.0 | 15.003 | N  7  6.9 | +0.93 | 196 14.1 | 12  1 52 | 5 28 ( 79) | 18 36 (281) |
| 2022 Avr  9 | S | 179 34.1 | 15.003 | N  7 29.3 | +0.93 | 197 13.2 | 12  1 35 | 5 26 ( 78) | 18 38 (282) |
| 2022 Avr 10 | D | 179 38.2 | 15.003 | N  7 51.6 | +0.92 | 198 12.3 | 12  1 19 | 5 25 ( 78) | 18 39 (282) |
| 2022 Avr 11 | L | 179 42.2 | 15.003 | N  8 13.8 | +0.92 | 199 11.5 | 12  1  3 | 5 23 ( 77) | 18 40 (283) |
| 2022 Avr 12 | M | 179 46.2 | 15.003 | N  8 35.8 | +0.91 | 200 10.6 | 12  0 48 | 5 21 ( 77) | 18 41 (283) |
| 2022 Avr 13 | M | 179 50.0 | 15.003 | N  8 57.6 | +0.90 | 201  9.7 | 12  0 32 | 5 19 ( 76) | 18 43 (284) |
| 2022 Avr 14 | J | 179 53.8 | 15.003 | N  9 19.4 | +0.90 | 202  8.9 | 12  0 17 | 5 17 ( 76) | 18 44 (285) |
| 2022 Avr 15 | V | 179 57.5 | 15.003 | N  9 40.9 | +0.89 | 203  8.0 | 12  0  3 | 5 16 ( 75) | 18 45 (285) |
| 2022 Avr 16 | S | 180  1.2 | 15.002 | N 10  2.3 | +0.88 | 204  7.2 | 11 59 48 | 5 14 ( 75) | 18 47 (286) |
| 2022 Avr 17 | D | 180  4.7 | 15.002 | N 10 23.6 | +0.88 | 205  6.3 | 11 59 34 | 5 12 ( 74) | 18 48 (286) |
| 2022 Avr 18 | L | 180  8.1 | 15.002 | N 10 44.6 | +0.87 | 206  5.4 | 11 59 21 | 5 10 ( 74) | 18 49 (287) |
| 2022 Avr 19 | M | 180 11.5 | 15.002 | N 11  5.5 | +0.86 | 207  4.6 | 11 59  8 | 5 09 ( 73) | 18 50 (287) |
| 2022 Avr 20 | M | 180 14.7 | 15.002 | N 11 26.2 | +0.85 | 208  3.7 | 11 58 55 | 5 07 ( 73) | 18 52 (288) |
| 2022 Avr 21 | J | 180 17.8 | 15.002 | N 11 46.7 | +0.85 | 209  2.9 | 11 58 43 | 5 05 ( 72) | 18 53 (288) |
| 2022 Avr 22 | V | 180 20.9 | 15.002 | N 12  7.0 | +0.84 | 210  2.0 | 11 58 31 | 5 04 ( 72) | 18 54 (289) |
| 2022 Avr 23 | S | 180 23.8 | 15.002 | N 12 27.2 | +0.83 | 211  1.1 | 11 58 19 | 5 02 ( 71) | 18 55 (289) |
| 2022 Avr 24 | D | 180 26.5 | 15.002 | N 12 47.1 | +0.82 | 212  0.3 | 11 58  9 | 5 00 ( 71) | 18 57 (289) |
| 2022 Avr 25 | L | 180 29.2 | 15.002 | N 13  6.8 | +0.81 | 212 59.4 | 11 57 58 | 4 59 ( 70) | 18 58 (290) |
| 2022 Avr 26 | M | 180 31.7 | 15.002 | N 13 26.3 | +0.80 | 213 58.5 | 11 57 48 | 4 57 ( 70) | 18 59 (290) |
| 2022 Avr 27 | M | 180 34.1 | 15.002 | N 13 45.6 | +0.79 | 214 57.7 | 11 57 39 | 4 56 ( 69) | 19 00 (291) |
| 2022 Avr 28 | J | 180 36.4 | 15.001 | N 14  4.6 | +0.78 | 215 56.8 | 11 57 30 | 4 54 ( 69) | 19 02 (291) |
| 2022 Avr 29 | V | 180 38.6 | 15.001 | N 14 23.5 | +0.77 | 216 56.0 | 11 57 22 | 4 53 ( 68) | 19 03 (292) |
| 2022 Avr 30 | S | 180 40.6 | 15.001 | N 14 42.0 | +0.76 | 217 55.1 | 11 57 14 | 4 51 ( 68) | 19 04 (292) |
| 2022 Mai  1 | D | 180 42.5 | 15.001 | N 15  0.4 | +0.75 | 218 54.2 | 11 57  7 | 4 50 ( 68) | 19 05 (293) |
| 2022 Mai  2 | L | 180 44.2 | 15.001 | N 15 18.5 | +0.74 | 219 53.4 | 11 56 60 | 4 48 ( 67) | 19 07 (293) |
| 2022 Mai  3 | M | 180 45.8 | 15.001 | N 15 36.3 | +0.73 | 220 52.5 | 11 56 54 | 4 47 ( 67) | 19 08 (294) |
| 2022 Mai  4 | M | 180 47.3 | 15.001 | N 15 53.9 | +0.72 | 221 51.7 | 11 56 48 | 4 45 ( 66) | 19 09 (294) |
| 2022 Mai  5 | J | 180 48.7 | 15.001 | N 16 11.2 | +0.71 | 222 50.8 | 11 56 43 | 4 44 ( 66) | 19 10 (294) |
| 2022 Mai  6 | V | 180 49.9 | 15.001 | N 16 28.3 | +0.70 | 223 49.9 | 11 56 38 | 4 42 ( 65) | 19 12 (295) |
| 2022 Mai  7 | S | 180 50.9 | 15.001 | N 16 45.1 | +0.69 | 224 49.1 | 11 56 34 | 4 41 ( 65) | 19 13 (295) |
| 2022 Mai  8 | D | 180 51.9 | 15.001 | N 17  1.6 | +0.68 | 225 48.2 | 11 56 31 | 4 40 ( 65) | 19 14 (296) |
| 2022 Mai  9 | L | 180 52.7 | 15.000 | N 17 17.8 | +0.66 | 226 47.4 | 11 56 28 | 4 38 ( 64) | 19 15 (296) |
| 2022 Mai 10 | M | 180 53.3 | 15.000 | N 17 33.7 | +0.65 | 227 46.5 | 11 56 26 | 4 37 ( 64) | 19 16 (296) |
| 2022 Mai 11 | M | 180 53.9 | 15.000 | N 17 49.3 | +0.64 | 228 45.6 | 11 56 24 | 4 36 ( 63) | 19 18 (297) |
| 2022 Mai 12 | J | 180 54.2 | 15.000 | N 18  4.6 | +0.63 | 229 44.8 | 11 56 23 | 4 35 ( 63) | 19 19 (297) |
| 2022 Mai 13 | V | 180 54.5 | 15.000 | N 18 19.6 | +0.61 | 230 43.9 | 11 56 22 | 4 34 ( 63) | 19 20 (298) |
| 2022 Mai 14 | S | 180 54.6 | 15.000 | N 18 34.3 | +0.60 | 231 43.0 | 11 56 22 | 4 32 ( 62) | 19 21 (298) |
| 2022 Mai 15 | D | 180 54.5 | 15.000 | N 18 48.7 | +0.59 | 232 42.2 | 11 56 22 | 4 31 ( 62) | 19 22 (298) |
| 2022 Mai 16 | L | 180 54.4 | 15.000 | N 19  2.8 | +0.57 | 233 41.3 | 11 56 23 | 4 30 ( 62) | 19 23 (299) |
| 2022 Mai 17 | M | 180 54.1 | 15.000 | N 19 16.5 | +0.56 | 234 40.5 | 11 56 25 | 4 29 ( 61) | 19 25 (299) |
| 2022 Mai 18 | M | 180 53.6 | 15.000 | N 19 30.0 | +0.55 | 235 39.6 | 11 56 27 | 4 28 ( 61) | 19 26 (299) |
| 2022 Mai 19 | J | 180 53.0 | 14.999 | N 19 43.1 | +0.53 | 236 38.7 | 11 56 29 | 4 27 ( 60) | 19 27 (300) |
| 2022 Mai 20 | V | 180 52.3 | 14.999 | N 19 55.8 | +0.52 | 237 37.9 | 11 56 33 | 4 26 ( 60) | 19 28 (300) |
| 2022 Mai 21 | S | 180 51.4 | 14.999 | N 20  8.2 | +0.50 | 238 37.0 | 11 56 37 | 4 25 ( 60) | 19 29 (300) |
| 2022 Mai 22 | D | 180 50.4 | 14.999 | N 20 20.3 | +0.49 | 239 36.2 | 11 56 41 | 4 24 ( 60) | 19 30 (301) |
| 2022 Mai 23 | L | 180 49.2 | 14.999 | N 20 32.0 | +0.47 | 240 35.3 | 11 56 46 | 4 23 ( 59) | 19 31 (301) |
| 2022 Mai 24 | M | 180 47.9 | 14.999 | N 20 43.4 | +0.46 | 241 34.4 | 11 56 51 | 4 22 ( 59) | 19 32 (301) |
| 2022 Mai 25 | M | 180 46.5 | 14.999 | N 20 54.4 | +0.44 | 242 33.6 | 11 56 57 | 4 21 ( 59) | 19 33 (302) |
| 2022 Mai 26 | J | 180 44.9 | 14.999 | N 21  5.1 | +0.43 | 243 32.7 | 11 57  4 | 4 21 ( 58) | 19 34 (302) |
| 2022 Mai 27 | V | 180 43.3 | 14.999 | N 21 15.4 | +0.41 | 244 31.9 | 11 57 10 | 4 20 ( 58) | 19 35 (302) |
| 2022 Mai 28 | S | 180 41.5 | 14.999 | N 21 25.3 | +0.40 | 245 31.0 | 11 57 18 | 4 19 ( 58) | 19 36 (302) |
| 2022 Mai 29 | D | 180 39.6 | 14.999 | N 21 34.9 | +0.38 | 246 30.1 | 11 57 26 | 4 19 ( 58) | 19 37 (303) |
| 2022 Mai 30 | L | 180 37.5 | 14.999 | N 21 44.1 | +0.37 | 247 29.3 | 11 57 34 | 4 18 ( 57) | 19 38 (303) |
| 2022 Mai 31 | M | 180 35.4 | 14.998 | N 21 52.9 | +0.35 | 248 28.4 | 11 57 43 | 4 17 ( 57) | 19 39 (303) |
| 2022 Jun  1 | M | 180 33.2 | 14.998 | N 22  1.3 | +0.34 | 249 27.6 | 11 57 52 | 4 17 ( 57) | 19 39 (303) |
| 2022 Jun  2 | J | 180 30.8 | 14.998 | N 22  9.4 | +0.32 | 250 26.7 | 11 58  1 | 4 16 ( 57) | 19 40 (303) |
| 2022 Jun  3 | V | 180 28.4 | 14.998 | N 22 17.0 | +0.30 | 251 25.8 | 11 58 11 | 4 16 ( 57) | 19 41 (304) |
| 2022 Jun  4 | S | 180 25.9 | 14.998 | N 22 24.3 | +0.29 | 252 25.0 | 11 58 22 | 4 15 ( 56) | 19 42 (304) |
| 2022 Jun  5 | D | 180 23.3 | 14.998 | N 22 31.2 | +0.27 | 253 24.1 | 11 58 32 | 4 15 ( 56) | 19 43 (304) |
| 2022 Jun  6 | L | 180 20.6 | 14.998 | N 22 37.7 | +0.25 | 254 23.3 | 11 58 43 | 4 14 ( 56) | 19 43 (304) |
| 2022 Jun  7 | M | 180 17.9 | 14.998 | N 22 43.7 | +0.24 | 255 22.4 | 11 58 54 | 4 14 ( 56) | 19 44 (304) |
| 2022 Jun  8 | M | 180 15.0 | 14.998 | N 22 49.4 | +0.22 | 256 21.5 | 11 59  6 | 4 14 ( 56) | 19 45 (304) |
| 2022 Jun  9 | J | 180 12.2 | 14.998 | N 22 54.7 | +0.20 | 257 20.7 | 11 59 17 | 4 13 ( 56) | 19 45 (305) |
| 2022 Jun 10 | V | 180  9.2 | 14.998 | N 22 59.6 | +0.19 | 258 19.8 | 11 59 29 | 4 13 ( 55) | 19 46 (305) |
| 2022 Jun 11 | S | 180  6.2 | 14.998 | N 23  4.0 | +0.17 | 259 18.9 | 11 59 41 | 4 13 ( 55) | 19 47 (305) |
| 2022 Jun 12 | D | 180  3.2 | 14.998 | N 23  8.1 | +0.15 | 260 18.1 | 11 59 53 | 4 13 ( 55) | 19 47 (305) |
| 2022 Jun 13 | L | 180  0.1 | 14.998 | N 23 11.8 | +0.14 | 261 17.2 | 12  0  6 | 4 13 ( 55) | 19 48 (305) |
| 2022 Jun 14 | M | 179 57.0 | 14.998 | N 23 15.0 | +0.12 | 262 16.4 | 12  0 18 | 4 13 ( 55) | 19 48 (305) |
| 2022 Jun 15 | M | 179 53.8 | 14.998 | N 23 17.8 | +0.10 | 263 15.5 | 12  0 31 | 4 13 ( 55) | 19 48 (305) |
| 2022 Jun 16 | J | 179 50.6 | 14.998 | N 23 20.3 | +0.08 | 264 14.6 | 12  0 44 | 4 13 ( 55) | 19 49 (305) |
| 2022 Jun 17 | V | 179 47.4 | 14.998 | N 23 22.3 | +0.07 | 265 13.8 | 12  0 57 | 4 13 ( 55) | 19 49 (305) |
| 2022 Jun 18 | S | 179 44.2 | 14.998 | N 23 23.9 | +0.05 | 266 12.9 | 12  1 10 | 4 13 ( 55) | 19 50 (305) |
| 2022 Jun 19 | D | 179 40.9 | 14.998 | N 23 25.1 | +0.03 | 267 12.1 | 12  1 23 | 4 13 ( 55) | 19 50 (305) |
| 2022 Jun 20 | L | 179 37.7 | 14.998 | N 23 25.9 | +0.02 | 268 11.2 | 12  1 36 | 4 13 ( 55) | 19 50 (305) |
| 2022 Jun 21 | M | 179 34.4 | 14.998 | N 23 26.2 | -0.00 | 269 10.3 | 12  1 49 | 4 13 ( 55) | 19 50 (305) |
| 2022 Jun 22 | M | 179 31.1 | 14.998 | N 23 26.2 | -0.02 | 270  9.5 | 12  2  2 | 4 14 ( 55) | 19 51 (305) |
| 2022 Jun 23 | J | 179 27.9 | 14.998 | N 23 25.7 | -0.04 | 271  8.6 | 12  2 15 | 4 14 ( 55) | 19 51 (305) |
| 2022 Jun 24 | V | 179 24.6 | 14.998 | N 23 24.9 | -0.05 | 272  7.8 | 12  2 28 | 4 14 ( 55) | 19 51 (305) |
| 2022 Jun 25 | S | 179 21.4 | 14.998 | N 23 23.6 | -0.07 | 273  6.9 | 12  2 41 | 4 14 ( 55) | 19 51 (305) |
| 2022 Jun 26 | D | 179 18.2 | 14.998 | N 23 21.9 | -0.09 | 274  6.0 | 12  2 54 | 4 15 ( 55) | 19 51 (305) |
| 2022 Jun 27 | L | 179 15.0 | 14.998 | N 23 19.8 | -0.10 | 275  5.2 | 12  3  6 | 4 15 ( 55) | 19 51 (305) |
| 2022 Jun 28 | M | 179 11.9 | 14.998 | N 23 17.3 | -0.12 | 276  4.3 | 12  3 19 | 4 16 ( 55) | 19 51 (305) |
| 2022 Jun 29 | M | 179  8.8 | 14.998 | N 23 14.3 | -0.14 | 277  3.5 | 12  3 31 | 4 16 ( 55) | 19 51 (305) |
| 2022 Jun 30 | J | 179  5.8 | 14.998 | N 23 11.0 | -0.16 | 278  2.6 | 12  3 43 | 4 17 ( 55) | 19 51 (305) |
| 2022 Jul  1 | V | 179  2.8 | 14.998 | N 23  7.2 | -0.17 | 279  1.7 | 12  3 55 | 4 17 ( 55) | 19 50 (305) |
| 2022 Jul  2 | S | 178 59.9 | 14.998 | N 23  3.1 | -0.19 | 280  0.9 | 12  4  6 | 4 18 ( 55) | 19 50 (305) |
| 2022 Jul  3 | D | 178 57.1 | 14.998 | N 22 58.6 | -0.21 | 281  0.0 | 12  4 17 | 4 18 ( 56) | 19 50 (304) |
| 2022 Jul  4 | L | 178 54.3 | 14.998 | N 22 53.6 | -0.22 | 281 59.2 | 12  4 28 | 4 19 ( 56) | 19 50 (304) |
| 2022 Jul  5 | M | 178 51.6 | 14.998 | N 22 48.3 | -0.24 | 282 58.3 | 12  4 39 | 4 20 ( 56) | 19 49 (304) |
| 2022 Jul  6 | M | 178 49.1 | 14.998 | N 22 42.5 | -0.26 | 283 57.4 | 12  4 49 | 4 20 ( 56) | 19 49 (304) |
| 2022 Jul  7 | J | 178 46.6 | 14.998 | N 22 36.4 | -0.27 | 284 56.6 | 12  4 59 | 4 21 ( 56) | 19 49 (304) |
| 2022 Jul  8 | V | 178 44.2 | 14.998 | N 22 29.8 | -0.29 | 285 55.7 | 12  5  8 | 4 22 ( 56) | 19 48 (304) |
| 2022 Jul  9 | S | 178 41.9 | 14.998 | N 22 22.9 | -0.30 | 286 54.9 | 12  5 17 | 4 22 ( 56) | 19 48 (303) |
| 2022 Jul 10 | D | 178 39.7 | 14.999 | N 22 15.6 | -0.32 | 287 54.0 | 12  5 25 | 4 23 ( 57) | 19 47 (303) |
| 2022 Jul 11 | L | 178 37.6 | 14.999 | N 22  7.9 | -0.34 | 288 53.1 | 12  5 34 | 4 24 ( 57) | 19 47 (303) |
| 2022 Jul 12 | M | 178 35.7 | 14.999 | N 21 59.8 | -0.35 | 289 52.3 | 12  5 41 | 4 25 ( 57) | 19 46 (303) |
| 2022 Jul 13 | M | 178 33.8 | 14.999 | N 21 51.4 | -0.37 | 290 51.4 | 12  5 48 | 4 26 ( 57) | 19 45 (303) |
| 2022 Jul 14 | J | 178 32.1 | 14.999 | N 21 42.6 | -0.38 | 291 50.6 | 12  5 55 | 4 27 ( 58) | 19 45 (302) |
| 2022 Jul 15 | V | 178 30.5 | 14.999 | N 21 33.4 | -0.40 | 292 49.7 | 12  6  1 | 4 28 ( 58) | 19 44 (302) |
| 2022 Jul 16 | S | 178 29.0 | 14.999 | N 21 23.8 | -0.41 | 293 48.8 | 12  6  7 | 4 28 ( 58) | 19 43 (302) |
| 2022 Jul 17 | D | 178 27.7 | 14.999 | N 21 13.9 | -0.43 | 294 48.0 | 12  6 12 | 4 29 ( 58) | 19 42 (302) |
| 2022 Jul 18 | L | 178 26.5 | 14.999 | N 21  3.7 | -0.44 | 295 47.1 | 12  6 16 | 4 30 ( 59) | 19 42 (301) |
| 2022 Jul 19 | M | 178 25.4 | 14.999 | N 20 53.0 | -0.46 | 296 46.3 | 12  6 21 | 4 31 ( 59) | 19 41 (301) |
| 2022 Jul 20 | M | 178 24.4 | 14.999 | N 20 42.0 | -0.47 | 297 45.4 | 12  6 24 | 4 32 ( 59) | 19 40 (301) |
| 2022 Jul 21 | J | 178 23.6 | 15.000 | N 20 30.7 | -0.49 | 298 44.5 | 12  6 27 | 4 33 ( 59) | 19 39 (300) |
| 2022 Jul 22 | V | 178 22.9 | 15.000 | N 20 19.0 | -0.50 | 299 43.7 | 12  6 30 | 4 34 ( 60) | 19 38 (300) |
| 2022 Jul 23 | S | 178 22.3 | 15.000 | N 20  7.0 | -0.51 | 300 42.8 | 12  6 32 | 4 35 ( 60) | 19 37 (300) |
| 2022 Jul 24 | D | 178 21.9 | 15.000 | N 19 54.6 | -0.53 | 301 41.9 | 12  6 33 | 4 36 ( 60) | 19 36 (299) |
| 2022 Jul 25 | L | 178 21.7 | 15.000 | N 19 42.0 | -0.54 | 302 41.1 | 12  6 34 | 4 37 ( 61) | 19 35 (299) |
| 2022 Jul 26 | M | 178 21.5 | 15.000 | N 19 28.9 | -0.56 | 303 40.2 | 12  6 34 | 4 39 ( 61) | 19 34 (299) |
| 2022 Jul 27 | M | 178 21.6 | 15.000 | N 19 15.6 | -0.57 | 304 39.4 | 12  6 33 | 4 40 ( 61) | 19 33 (298) |
| 2022 Jul 28 | J | 178 21.7 | 15.000 | N 19  1.9 | -0.58 | 305 38.5 | 12  6 33 | 4 41 ( 62) | 19 32 (298) |
| 2022 Jul 29 | V | 178 22.1 | 15.000 | N 18 48.0 | -0.60 | 306 37.6 | 12  6 31 | 4 42 ( 62) | 19 30 (298) |
| 2022 Jul 30 | S | 178 22.5 | 15.000 | N 18 33.7 | -0.61 | 307 36.8 | 12  6 29 | 4 43 ( 62) | 19 29 (297) |
| 2022 Jul 31 | D | 178 23.2 | 15.001 | N 18 19.1 | -0.62 | 308 35.9 | 12  6 26 | 4 44 ( 63) | 19 28 (297) |
| 2022 Aou  1 | L | 178 24.0 | 15.001 | N 18  4.2 | -0.63 | 309 35.1 | 12  6 22 | 4 45 ( 63) | 19 27 (297) |
| 2022 Aou  2 | M | 178 24.9 | 15.001 | N 17 49.0 | -0.64 | 310 34.2 | 12  6 18 | 4 46 ( 64) | 19 25 (296) |
| 2022 Aou  3 | M | 178 26.0 | 15.001 | N 17 33.5 | -0.66 | 311 33.3 | 12  6 14 | 4 48 ( 64) | 19 24 (296) |
| 2022 Aou  4 | J | 178 27.2 | 15.001 | N 17 17.8 | -0.67 | 312 32.5 | 12  6  8 | 4 49 ( 64) | 19 23 (295) |
| 2022 Aou  5 | V | 178 28.6 | 15.001 | N 17  1.7 | -0.68 | 313 31.6 | 12  6  2 | 4 50 ( 65) | 19 21 (295) |
| 2022 Aou  6 | S | 178 30.2 | 15.001 | N 16 45.4 | -0.69 | 314 30.8 | 12  5 56 | 4 51 ( 65) | 19 20 (295) |
| 2022 Aou  7 | D | 178 31.9 | 15.001 | N 16 28.9 | -0.70 | 315 29.9 | 12  5 49 | 4 52 ( 66) | 19 19 (294) |
| 2022 Aou  8 | L | 178 33.8 | 15.001 | N 16 12.0 | -0.71 | 316 29.0 | 12  5 41 | 4 53 ( 66) | 19 17 (294) |
| 2022 Aou  9 | M | 178 35.8 | 15.002 | N 15 54.9 | -0.72 | 317 28.2 | 12  5 33 | 4 54 ( 66) | 19 16 (293) |
| 2022 Aou 10 | M | 178 38.0 | 15.002 | N 15 37.6 | -0.73 | 318 27.3 | 12  5 24 | 4 56 ( 67) | 19 14 (293) |
| 2022 Aou 11 | J | 178 40.3 | 15.002 | N 15 20.0 | -0.74 | 319 26.5 | 12  5 14 | 4 57 ( 67) | 19 13 (293) |
| 2022 Aou 12 | V | 178 42.7 | 15.002 | N 15  2.1 | -0.75 | 320 25.6 | 12  5  4 | 4 58 ( 68) | 19 11 (292) |
| 2022 Aou 13 | S | 178 45.3 | 15.002 | N 14 44.0 | -0.76 | 321 24.7 | 12  4 53 | 4 59 ( 68) | 19 10 (292) |
| 2022 Aou 14 | D | 178 48.1 | 15.002 | N 14 25.7 | -0.77 | 322 23.9 | 12  4 42 | 5 00 ( 69) | 19 08 (291) |
| 2022 Aou 15 | L | 178 50.9 | 15.002 | N 14  7.2 | -0.78 | 323 23.0 | 12  4 30 | 5 02 ( 69) | 19 07 (291) |
| 2022 Aou 16 | M | 178 53.9 | 15.002 | N 13 48.4 | -0.79 | 324 22.1 | 12  4 18 | 5 03 ( 69) | 19 05 (290) |
| 2022 Aou 17 | M | 178 57.1 | 15.002 | N 13 29.4 | -0.80 | 325 21.3 | 12  4  5 | 5 04 ( 70) | 19 03 (290) |
| 2022 Aou 18 | J | 179  0.3 | 15.002 | N 13 10.2 | -0.81 | 326 20.4 | 12  3 52 | 5 05 ( 70) | 19 02 (289) |
| 2022 Aou 19 | V | 179  3.7 | 15.002 | N 12 50.8 | -0.82 | 327 19.6 | 12  3 38 | 5 06 ( 71) | 19 00 (289) |
| 2022 Aou 20 | S | 179  7.2 | 15.003 | N 12 31.1 | -0.83 | 328 18.7 | 12  3 24 | 5 08 ( 71) | 18 58 (288) |
| 2022 Aou 21 | D | 179 10.8 | 15.003 | N 12 11.3 | -0.83 | 329 17.8 | 12  3  9 | 5 09 ( 72) | 18 57 (288) |
| 2022 Aou 22 | L | 179 14.5 | 15.003 | N 11 51.3 | -0.84 | 330 17.0 | 12  2 54 | 5 10 ( 72) | 18 55 (287) |
| 2022 Aou 23 | M | 179 18.3 | 15.003 | N 11 31.1 | -0.85 | 331 16.1 | 12  2 39 | 5 11 ( 73) | 18 53 (287) |
| 2022 Aou 24 | M | 179 22.3 | 15.003 | N 11 10.7 | -0.86 | 332 15.3 | 12  2 23 | 5 12 ( 73) | 18 52 (286) |
| 2022 Aou 25 | J | 179 26.3 | 15.003 | N 10 50.1 | -0.86 | 333 14.4 | 12  2  7 | 5 13 ( 74) | 18 50 (286) |
| 2022 Aou 26 | V | 179 30.4 | 15.003 | N 10 29.4 | -0.87 | 334 13.5 | 12  1 50 | 5 15 ( 74) | 18 48 (285) |
| 2022 Aou 27 | S | 179 34.7 | 15.003 | N 10  8.5 | -0.88 | 335 12.7 | 12  1 33 | 5 16 ( 75) | 18 46 (285) |
| 2022 Aou 28 | D | 179 39.0 | 15.003 | N  9 47.4 | -0.88 | 336 11.8 | 12  1 15 | 5 17 ( 75) | 18 45 (284) |
| 2022 Aou 29 | L | 179 43.4 | 15.003 | N  9 26.2 | -0.89 | 337 10.9 | 12  0 57 | 5 18 ( 76) | 18 43 (284) |
| 2022 Aou 30 | M | 179 48.0 | 15.003 | N  9  4.8 | -0.90 | 338 10.1 | 12  0 39 | 5 19 ( 76) | 18 41 (283) |
| 2022 Aou 31 | M | 179 52.6 | 15.003 | N  8 43.3 | -0.90 | 339  9.2 | 12  0 20 | 5 21 ( 77) | 18 39 (283) |
| 2022 Sep  1 | J | 179 57.3 | 15.003 | N  8 21.6 | -0.91 | 340  8.4 | 12  0  2 | 5 22 ( 77) | 18 37 (282) |
| 2022 Sep  2 | V | 180  2.0 | 15.003 | N  7 59.8 | -0.91 | 341  7.5 | 11 59 42 | 5 23 ( 78) | 18 36 (282) |
| 2022 Sep  3 | S | 180  6.9 | 15.003 | N  7 37.9 | -0.92 | 342  6.6 | 11 59 23 | 5 24 ( 78) | 18 34 (281) |
| 2022 Sep  4 | D | 180 11.8 | 15.003 | N  7 15.9 | -0.92 | 343  5.8 | 11 59  3 | 5 25 ( 79) | 18 32 (281) |
| 2022 Sep  5 | L | 180 16.8 | 15.004 | N  6 53.7 | -0.93 | 344  4.9 | 11 58 43 | 5 27 ( 80) | 18 30 (280) |
| 2022 Sep  6 | M | 180 21.8 | 15.004 | N  6 31.5 | -0.93 | 345  4.1 | 11 58 23 | 5 28 ( 80) | 18 28 (280) |
| 2022 Sep  7 | M | 180 26.9 | 15.004 | N  6  9.1 | -0.94 | 346  3.2 | 11 58  2 | 5 29 ( 81) | 18 26 (279) |
| 2022 Sep  8 | J | 180 32.1 | 15.004 | N  5 46.6 | -0.94 | 347  2.3 | 11 57 41 | 5 30 ( 81) | 18 24 (279) |
| 2022 Sep  9 | V | 180 37.3 | 15.004 | N  5 24.1 | -0.94 | 348  1.5 | 11 57 21 | 5 31 ( 82) | 18 23 (278) |
| 2022 Sep 10 | S | 180 42.5 | 15.004 | N  5  1.4 | -0.95 | 349  0.6 | 11 56 60 | 5 33 ( 82) | 18 21 (278) |
| 2022 Sep 11 | D | 180 47.8 | 15.004 | N  4 38.7 | -0.95 | 349 59.8 | 11 56 38 | 5 34 ( 83) | 18 19 (277) |
| 2022 Sep 12 | L | 180 53.1 | 15.004 | N  4 15.8 | -0.95 | 350 58.9 | 11 56 17 | 5 35 ( 83) | 18 17 (276) |
| 2022 Sep 13 | M | 180 58.4 | 15.004 | N  3 53.0 | -0.96 | 351 58.0 | 11 55 56 | 5 36 ( 84) | 18 15 (276) |
| 2022 Sep 14 | M | 181  3.8 | 15.004 | N  3 30.0 | -0.96 | 352 57.2 | 11 55 34 | 5 37 ( 84) | 18 13 (275) |
| 2022 Sep 15 | J | 181  9.1 | 15.004 | N  3  7.0 | -0.96 | 353 56.3 | 11 55 13 | 5 38 ( 85) | 18 11 (275) |
| 2022 Sep 16 | V | 181 14.5 | 15.004 | N  2 43.9 | -0.96 | 354 55.4 | 11 54 51 | 5 40 ( 85) | 18 09 (274) |
| 2022 Sep 17 | S | 181 19.9 | 15.004 | N  2 20.7 | -0.97 | 355 54.6 | 11 54 30 | 5 41 ( 86) | 18 07 (274) |
| 2022 Sep 18 | D | 181 25.2 | 15.004 | N  1 57.5 | -0.97 | 356 53.7 | 11 54  9 | 5 42 ( 87) | 18 05 (273) |
| 2022 Sep 19 | L | 181 30.6 | 15.004 | N  1 34.3 | -0.97 | 357 52.9 | 11 53 47 | 5 43 ( 87) | 18 04 (273) |
| 2022 Sep 20 | M | 181 35.9 | 15.004 | N  1 11.0 | -0.97 | 358 52.0 | 11 53 26 | 5 44 ( 88) | 18 02 (272) |
| 2022 Sep 21 | M | 181 41.3 | 15.004 | N  0 47.7 | -0.97 | 359 51.1 | 11 53  5 | 5 46 ( 88) | 18 00 (272) |
| 2022 Sep 22 | J | 181 46.6 | 15.004 | N  0 24.4 | -0.97 |   0 50.3 | 11 52 43 | 5 47 ( 89) | 17 58 (271) |
| 2022 Sep 23 | V | 181 51.8 | 15.004 | N  0  1.1 | -0.97 |   1 49.4 | 11 52 22 | 5 48 ( 89) | 17 56 (270) |
| 2022 Sep 24 | S | 181 57.1 | 15.004 | S  0 22.3 | +0.97 |   2 48.5 | 11 52  1 | 5 49 ( 90) | 17 54 (270) |
| 2022 Sep 25 | D | 182  2.3 | 15.004 | S  0 45.7 | +0.97 |   3 47.7 | 11 51 41 | 5 50 ( 90) | 17 52 (269) |
| 2022 Sep 26 | L | 182  7.5 | 15.004 | S  1  9.0 | +0.97 |   4 46.8 | 11 51 20 | 5 52 ( 91) | 17 50 (269) |
| 2022 Sep 27 | M | 182 12.6 | 15.004 | S  1 32.4 | +0.97 |   5 46.0 | 11 50 60 | 5 53 ( 91) | 17 48 (268) |
| 2022 Sep 28 | M | 182 17.6 | 15.003 | S  1 55.8 | +0.97 |   6 45.1 | 11 50 40 | 5 54 ( 92) | 17 46 (268) |
| 2022 Sep 29 | J | 182 22.7 | 15.003 | S  2 19.1 | +0.97 |   7 44.2 | 11 50 20 | 5 55 ( 93) | 17 45 (267) |
| 2022 Sep 30 | V | 182 27.6 | 15.003 | S  2 42.5 | +0.97 |   8 43.4 | 11 49 60 | 5 57 ( 93) | 17 43 (267) |
| 2022 Oct  1 | S | 182 32.5 | 15.003 | S  3  5.7 | +0.97 |   9 42.5 | 11 49 40 | 5 58 ( 94) | 17 41 (266) |
| 2022 Oct  2 | D | 182 37.4 | 15.003 | S  3 29.0 | +0.97 |  10 41.7 | 11 49 21 | 5 59 ( 94) | 17 39 (266) |
| 2022 Oct  3 | L | 182 42.1 | 15.003 | S  3 52.2 | +0.97 |  11 40.8 | 11 49  2 | 6 00 ( 95) | 17 37 (265) |
| 2022 Oct  4 | M | 182 46.8 | 15.003 | S  4 15.4 | +0.96 |  12 39.9 | 11 48 44 | 6 02 ( 95) | 17 35 (264) |
| 2022 Oct  5 | M | 182 51.4 | 15.003 | S  4 38.5 | +0.96 |  13 39.1 | 11 48 25 | 6 03 ( 96) | 17 33 (264) |
| 2022 Oct  6 | J | 182 55.9 | 15.003 | S  5  1.6 | +0.96 |  14 38.2 | 11 48  8 | 6 04 ( 96) | 17 31 (263) |
| 2022 Oct  7 | V | 183  0.4 | 15.003 | S  5 24.6 | +0.96 |  15 37.4 | 11 47 50 | 6 05 ( 97) | 17 30 (263) |
| 2022 Oct  8 | S | 183  4.7 | 15.003 | S  5 47.5 | +0.95 |  16 36.5 | 11 47 33 | 6 07 ( 98) | 17 28 (262) |
| 2022 Oct  9 | D | 183  8.9 | 15.003 | S  6 10.3 | +0.95 |  17 35.6 | 11 47 16 | 6 08 ( 98) | 17 26 (262) |
| 2022 Oct 10 | L | 183 13.0 | 15.003 | S  6 33.1 | +0.94 |  18 34.8 | 11 47  0 | 6 09 ( 99) | 17 24 (261) |
| 2022 Oct 11 | M | 183 17.0 | 15.003 | S  6 55.8 | +0.94 |  19 33.9 | 11 46 44 | 6 10 ( 99) | 17 22 (261) |
| 2022 Oct 12 | M | 183 20.9 | 15.003 | S  7 18.4 | +0.94 |  20 33.0 | 11 46 29 | 6 12 (100) | 17 21 (260) |
| 2022 Oct 13 | J | 183 24.7 | 15.003 | S  7 40.9 | +0.93 |  21 32.2 | 11 46 14 | 6 13 (100) | 17 19 (260) |
| 2022 Oct 14 | V | 183 28.3 | 15.002 | S  8  3.2 | +0.93 |  22 31.3 | 11 46  0 | 6 14 (101) | 17 17 (259) |
| 2022 Oct 15 | S | 183 31.8 | 15.002 | S  8 25.5 | +0.92 |  23 30.5 | 11 45 46 | 6 15 (101) | 17 15 (259) |
| 2022 Oct 16 | D | 183 35.1 | 15.002 | S  8 47.7 | +0.92 |  24 29.6 | 11 45 33 | 6 17 (102) | 17 14 (258) |
| 2022 Oct 17 | L | 183 38.3 | 15.002 | S  9  9.7 | +0.91 |  25 28.7 | 11 45 21 | 6 18 (102) | 17 12 (257) |
| 2022 Oct 18 | M | 183 41.3 | 15.002 | S  9 31.6 | +0.91 |  26 27.9 | 11 45  9 | 6 19 (103) | 17 10 (257) |
| 2022 Oct 19 | M | 183 44.2 | 15.002 | S  9 53.4 | +0.90 |  27 27.0 | 11 44 58 | 6 21 (103) | 17 09 (256) |
| 2022 Oct 20 | J | 183 47.0 | 15.002 | S 10 15.0 | +0.89 |  28 26.1 | 11 44 47 | 6 22 (104) | 17 07 (256) |
| 2022 Oct 21 | V | 183 49.5 | 15.002 | S 10 36.5 | +0.89 |  29 25.3 | 11 44 37 | 6 23 (104) | 17 05 (255) |
| 2022 Oct 22 | S | 183 51.9 | 15.002 | S 10 57.8 | +0.88 |  30 24.4 | 11 44 28 | 6 25 (105) | 17 04 (255) |
| 2022 Oct 23 | D | 183 54.1 | 15.001 | S 11 19.0 | +0.87 |  31 23.6 | 11 44 19 | 6 26 (105) | 17 02 (254) |
| 2022 Oct 24 | L | 183 56.2 | 15.001 | S 11 40.0 | +0.87 |  32 22.7 | 11 44 12 | 6 27 (106) | 17 00 (254) |
| 2022 Oct 25 | M | 183 58.1 | 15.001 | S 12  0.8 | +0.86 |  33 21.8 | 11 44  4 | 6 29 (106) | 16 59 (253) |
| 2022 Oct 26 | M | 183 59.8 | 15.001 | S 12 21.4 | +0.85 |  34 21.0 | 11 43 58 | 6 30 (107) | 16 57 (253) |
| 2022 Oct 27 | J | 184  1.3 | 15.001 | S 12 41.9 | +0.84 |  35 20.1 | 11 43 52 | 6 31 (107) | 16 56 (252) |
| 2022 Oct 28 | V | 184  2.6 | 15.001 | S 13  2.1 | +0.84 |  36 19.3 | 11 43 47 | 6 33 (108) | 16 54 (252) |
| 2022 Oct 29 | S | 184  3.8 | 15.001 | S 13 22.1 | +0.83 |  37 18.4 | 11 43 43 | 6 34 (108) | 16 53 (251) |
| 2022 Oct 30 | D | 184  4.7 | 15.001 | S 13 42.0 | +0.82 |  38 17.5 | 11 43 40 | 6 36 (109) | 16 51 (251) |
| 2022 Oct 31 | L | 184  5.5 | 15.000 | S 14  1.6 | +0.81 |  39 16.7 | 11 43 37 | 6 37 (109) | 16 50 (251) |
| 2022 Nov  1 | M | 184  6.1 | 15.000 | S 14 21.0 | +0.80 |  40 15.8 | 11 43 35 | 6 38 (110) | 16 48 (250) |
| 2022 Nov  2 | M | 184  6.5 | 15.000 | S 14 40.1 | +0.79 |  41 15.0 | 11 43 34 | 6 40 (110) | 16 47 (250) |
| 2022 Nov  3 | J | 184  6.6 | 15.000 | S 14 59.0 | +0.78 |  42 14.1 | 11 43 33 | 6 41 (111) | 16 46 (249) |
| 2022 Nov  4 | V | 184  6.6 | 15.000 | S 15 17.7 | +0.77 |  43 13.2 | 11 43 34 | 6 42 (111) | 16 44 (249) |
| 2022 Nov  5 | S | 184  6.4 | 15.000 | S 15 36.1 | +0.76 |  44 12.4 | 11 43 35 | 6 44 (112) | 16 43 (248) |
| 2022 Nov  6 | D | 184  6.0 | 15.000 | S 15 54.3 | +0.75 |  45 11.5 | 11 43 37 | 6 45 (112) | 16 42 (248) |
| 2022 Nov  7 | L | 184  5.4 | 14.999 | S 16 12.2 | +0.73 |  46 10.6 | 11 43 40 | 6 46 (112) | 16 40 (247) |
| 2022 Nov  8 | M | 184  4.6 | 14.999 | S 16 29.8 | +0.72 |  47  9.8 | 11 43 44 | 6 48 (113) | 16 39 (247) |
| 2022 Nov  9 | M | 184  3.5 | 14.999 | S 16 47.1 | +0.71 |  48  8.9 | 11 43 48 | 6 49 (113) | 16 38 (247) |
| 2022 Nov 10 | J | 184  2.3 | 14.999 | S 17  4.2 | +0.70 |  49  8.1 | 11 43 54 | 6 51 (114) | 16 37 (246) |
| 2022 Nov 11 | V | 184  0.8 | 14.999 | S 17 21.0 | +0.69 |  50  7.2 | 11 44  0 | 6 52 (114) | 16 36 (246) |
| 2022 Nov 12 | S | 183 59.1 | 14.999 | S 17 37.4 | +0.67 |  51  6.3 | 11 44  7 | 6 53 (115) | 16 34 (245) |
| 2022 Nov 13 | D | 183 57.2 | 14.999 | S 17 53.6 | +0.66 |  52  5.5 | 11 44 15 | 6 55 (115) | 16 33 (245) |
| 2022 Nov 14 | L | 183 55.1 | 14.998 | S 18  9.5 | +0.65 |  53  4.6 | 11 44 24 | 6 56 (115) | 16 32 (245) |
| 2022 Nov 15 | M | 183 52.8 | 14.998 | S 18 25.0 | +0.63 |  54  3.8 | 11 44 34 | 6 57 (116) | 16 31 (244) |
| 2022 Nov 16 | M | 183 50.3 | 14.998 | S 18 40.2 | +0.62 |  55  2.9 | 11 44 44 | 6 59 (116) | 16 30 (244) |
| 2022 Nov 17 | J | 183 47.5 | 14.998 | S 18 55.1 | +0.61 |  56  2.0 | 11 44 56 | 7 00 (116) | 16 29 (243) |
| 2022 Nov 18 | V | 183 44.5 | 14.998 | S 19  9.7 | +0.59 |  57  1.2 | 11 45  8 | 7 01 (117) | 16 28 (243) |
| 2022 Nov 19 | S | 183 41.4 | 14.998 | S 19 23.9 | +0.58 |  58  0.3 | 11 45 21 | 7 03 (117) | 16 27 (243) |
| 2022 Nov 20 | D | 183 38.0 | 14.998 | S 19 37.8 | +0.56 |  58 59.5 | 11 45 35 | 7 04 (118) | 16 27 (242) |
| 2022 Nov 21 | L | 183 34.4 | 14.997 | S 19 51.3 | +0.55 |  59 58.6 | 11 45 50 | 7 05 (118) | 16 26 (242) |
| 2022 Nov 22 | M | 183 30.6 | 14.997 | S 20  4.5 | +0.53 |  60 57.7 | 11 46  6 | 7 07 (118) | 16 25 (242) |
| 2022 Nov 23 | M | 183 26.6 | 14.997 | S 20 17.3 | +0.52 |  61 56.9 | 11 46 22 | 7 08 (119) | 16 24 (241) |
| 2022 Nov 24 | J | 183 22.4 | 14.997 | S 20 29.7 | +0.50 |  62 56.0 | 11 46 39 | 7 09 (119) | 16 24 (241) |
| 2022 Nov 25 | V | 183 18.0 | 14.997 | S 20 41.7 | +0.49 |  63 55.1 | 11 46 57 | 7 11 (119) | 16 23 (241) |
| 2022 Nov 26 | S | 183 13.4 | 14.997 | S 20 53.4 | +0.47 |  64 54.3 | 11 47 16 | 7 12 (119) | 16 22 (240) |
| 2022 Nov 27 | D | 183  8.6 | 14.997 | S 21  4.6 | +0.45 |  65 53.4 | 11 47 35 | 7 13 (120) | 16 22 (240) |
| 2022 Nov 28 | L | 183  3.7 | 14.996 | S 21 15.5 | +0.44 |  66 52.6 | 11 47 55 | 7 14 (120) | 16 21 (240) |
| 2022 Nov 29 | M | 182 58.5 | 14.996 | S 21 25.9 | +0.42 |  67 51.7 | 11 48 16 | 7 15 (120) | 16 21 (240) |
| 2022 Nov 30 | M | 182 53.3 | 14.996 | S 21 36.0 | +0.40 |  68 50.9 | 11 48 38 | 7 17 (120) | 16 20 (239) |
| 2022 Dec  1 | J | 182 47.8 | 14.996 | S 21 45.6 | +0.38 |  69 50.0 | 11 48 60 | 7 18 (121) | 16 20 (239) |
| 2022 Dec  2 | V | 182 42.2 | 14.996 | S 21 54.9 | +0.37 |  70 49.1 | 11 49 23 | 7 19 (121) | 16 20 (239) |
| 2022 Dec  3 | S | 182 36.4 | 14.996 | S 22  3.7 | +0.35 |  71 48.3 | 11 49 46 | 7 20 (121) | 16 19 (239) |
| 2022 Dec  4 | D | 182 30.5 | 14.996 | S 22 12.0 | +0.33 |  72 47.4 | 11 50 10 | 7 21 (121) | 16 19 (239) |
| 2022 Dec  5 | L | 182 24.5 | 14.996 | S 22 20.0 | +0.31 |  73 46.5 | 11 50 34 | 7 22 (122) | 16 19 (238) |
| 2022 Dec  6 | M | 182 18.3 | 14.996 | S 22 27.5 | +0.29 |  74 45.7 | 11 50 59 | 7 23 (122) | 16 19 (238) |
| 2022 Dec  7 | M | 182 12.0 | 14.996 | S 22 34.6 | +0.28 |  75 44.8 | 11 51 25 | 7 24 (122) | 16 18 (238) |
| 2022 Dec  8 | J | 182  5.5 | 14.995 | S 22 41.2 | +0.26 |  76 44.0 | 11 51 51 | 7 25 (122) | 16 18 (238) |
| 2022 Dec  9 | V | 181 59.0 | 14.995 | S 22 47.4 | +0.24 |  77 43.1 | 11 52 17 | 7 26 (122) | 16 18 (238) |
| 2022 Dec 10 | S | 181 52.3 | 14.995 | S 22 53.2 | +0.22 |  78 42.2 | 11 52 44 | 7 27 (122) | 16 18 (238) |
| 2022 Dec 11 | D | 181 45.5 | 14.995 | S 22 58.4 | +0.20 |  79 41.4 | 11 53 12 | 7 28 (123) | 16 18 (237) |
| 2022 Dec 12 | L | 181 38.6 | 14.995 | S 23  3.3 | +0.18 |  80 40.5 | 11 53 39 | 7 29 (123) | 16 18 (237) |
| 2022 Dec 13 | M | 181 31.7 | 14.995 | S 23  7.7 | +0.16 |  81 39.7 | 11 54  7 | 7 30 (123) | 16 18 (237) |
| 2022 Dec 14 | M | 181 24.6 | 14.995 | S 23 11.6 | +0.14 |  82 38.8 | 11 54 36 | 7 30 (123) | 16 19 (237) |
| 2022 Dec 15 | J | 181 17.4 | 14.995 | S 23 15.1 | +0.13 |  83 37.9 | 11 55  5 | 7 31 (123) | 16 19 (237) |
| 2022 Dec 16 | V | 181 10.2 | 14.995 | S 23 18.1 | +0.11 |  84 37.1 | 11 55 34 | 7 32 (123) | 16 19 (237) |
| 2022 Dec 17 | S | 181  2.9 | 14.995 | S 23 20.6 | +0.09 |  85 36.2 | 11 56  3 | 7 33 (123) | 16 19 (237) |
| 2022 Dec 18 | D | 180 55.6 | 14.995 | S 23 22.7 | +0.07 |  86 35.4 | 11 56 32 | 7 33 (123) | 16 20 (237) |
| 2022 Dec 19 | L | 180 48.2 | 14.995 | S 23 24.3 | +0.05 |  87 34.5 | 11 57  2 | 7 34 (123) | 16 20 (237) |
| 2022 Dec 20 | M | 180 40.8 | 14.995 | S 23 25.4 | +0.03 |  88 33.6 | 11 57 32 | 7 34 (123) | 16 21 (237) |
| 2022 Dec 21 | M | 180 33.3 | 14.995 | S 23 26.1 | +0.01 |  89 32.8 | 11 58  2 | 7 35 (123) | 16 21 (237) |
| 2022 Dec 22 | J | 180 25.9 | 14.995 | S 23 26.3 | -0.01 |  90 31.9 | 11 58 31 | 7 36 (123) | 16 22 (237) |
| 2022 Dec 23 | V | 180 18.4 | 14.995 | S 23 26.0 | -0.03 |  91 31.1 | 11 59  1 | 7 36 (123) | 16 22 (237) |
| 2022 Dec 24 | S | 180 10.9 | 14.995 | S 23 25.3 | -0.05 |  92 30.2 | 11 59 31 | 7 36 (123) | 16 23 (237) |
| 2022 Dec 25 | D | 180  3.4 | 14.995 | S 23 24.0 | -0.07 |  93 29.3 | 12  0  1 | 7 37 (123) | 16 23 (237) |
| 2022 Dec 26 | L | 179 56.0 | 14.995 | S 23 22.4 | -0.09 |  94 28.5 | 12  0 31 | 7 37 (123) | 16 24 (237) |
| 2022 Dec 27 | M | 179 48.6 | 14.995 | S 23 20.2 | -0.11 |  95 27.6 | 12  1  1 | 7 37 (123) | 16 25 (237) |
| 2022 Dec 28 | M | 179 41.2 | 14.995 | S 23 17.6 | -0.13 |  96 26.8 | 12  1 30 | 7 38 (123) | 16 25 (237) |
| 2022 Dec 29 | J | 179 33.8 | 14.995 | S 23 14.5 | -0.15 |  97 25.9 | 12  1 59 | 7 38 (123) | 16 26 (237) |
| 2022 Dec 30 | V | 179 26.6 | 14.995 | S 23 10.9 | -0.17 |  98 25.0 | 12  2 28 | 7 38 (123) | 16 27 (237) |
| 2022 Dec 31 | S | 179 19.3 | 14.995 | S 23  6.9 | -0.19 |  99 24.2 | 12  2 57 | 7 38 (123) | 16 28 (237) |
 
                                                                                      (c) http://navastro.fr
 
      AHvo = Angle Horaire du Soleil vrai a Greenwich
  Var AHvo = Variation horaire de AHvo
       Dec = Declinaison du Soleil
   Var Dec = Variation horaire de Dec
      AHso = Angle Horaire du Point Vernal a Greenwich
  Var AHso = Variation horaire de AHso : 15.042° (constante)
    T.Pass = Heure UT de passage du Soleil a Greenwich
 Les heures UT et azimuts du lever et du coucher du soleil (apparition ou disparition du
 bord superieur du soleil) sont donnes pour une latitude de 45°N et une longitude de 0°.



                                             EPHEMERIDES NAUTIQUES SIMPLIFIEES
                                              DES PRINCIPALES ETOILES EN 2022
 
|             |              ASCENSION VERSE              ||                  DECLINAISON                  | 
|     Nom     |  JANVIER |   AVRIL  |  JUILLET |  OCTOBRE ||  JANVIER  |   AVRIL   |  JUILLET  |  OCTOBRE  |
|             |    °    '|    °    '|    °    '|    °    '||     °    '|     °    '|     °    '|     °    '|
| ACHERNAR    | 335 21.9 | 335 22.5 | 335 21.9 | 335 21.0 || S 57  7.9 | S 57  7.6 | S 57  7.1 | S 57  7.2 |
| ACRUX       | 173  2.8 | 173  2.0 | 173  2.4 | 173  2.9 || S 63 12.9 | S 63 13.3 | S 63 13.6 | S 63 13.3 |
|*ADHARA      | 255  7.4 | 255  7.7 | 255  7.9 | 255  7.4 || S 29  0.1 | S 29  0.4 | S 29  0.1 | S 28 59.9 |
|*ALDEBARAN   | 290 42.2 | 290 42.4 | 290 42.3 | 290 41.6 || N 16 33.2 | N 16 33.1 | N 16 33.2 | N 16 33.3 |
| Alioth      | 166 15.3 | 166 14.5 | 166 14.8 | 166 15.2 || N 55 50.2 | N 55 50.4 | N 55 50.6 | N 55 50.4 |
| Alkaid      | 152 54.2 | 152 53.4 | 152 53.5 | 152 54.0 || N 49 12.0 | N 49 12.1 | N 49 12.4 | N 49 12.2 |
| Al Na'Ir    |  27 36.4 |  27 36.1 |  27 35.2 |  27 34.9 || S 46 51.5 | S 46 51.2 | S 46 51.0 | S 46 51.2 |
|*Alnilam     | 275 39.9 | 275 40.2 | 275 40.2 | 275 39.6 || S  1 11.3 | S  1 11.4 | S  1 11.3 | S  1 11.1 |
|*Alphard     | 217 49.9 | 217 49.8 | 217 50.0 | 217 49.8 || S  8 45.2 | S  8 45.4 | S  8 45.3 | S  8 45.2 |
|*Alphecca    | 126  6.1 | 126  5.4 | 126  5.2 | 126  5.6 || N 26 38.4 | N 26 38.2 | N 26 38.5 | N 26 38.5 |
|*Alpheratz   | 357 37.4 | 357 37.5 | 357 36.9 | 357 36.4 || N 29 12.8 | N 29 12.6 | N 29 12.7 | N 29 13.0 |
|*ALTAIR      |  62  2.7 |  62  2.3 |  62  1.7 |  62  1.7 || N  8 55.6 | N  8 55.4 | N  8 55.6 | N  8 55.8 |
| Ankaa       | 353  9.7 | 353  9.9 | 353  9.2 | 353  8.6 || S 42 11.5 | S 42 11.3 | S 42 10.9 | S 42 10.9 |
|*ANTARES     | 112 19.2 | 112 18.5 | 112 18.1 | 112 18.4 || S 26 28.7 | S 26 28.8 | S 26 28.9 | S 26 28.9 |
|*ARCTURUS    | 145 50.3 | 145 49.7 | 145 49.7 | 145 50.0 || N 19  4.0 | N 19  3.9 | N 19  4.1 | N 19  4.1 |
| Atria       | 107 16.2 | 107 14.5 | 107 13.6 | 107 14.5 || S 69  3.8 | S 69  3.8 | S 69  4.1 | S 69  4.3 |
| Avior       | 234 15.1 | 234 15.4 | 234 16.2 | 234 15.8 || S 59 34.6 | S 59 35.1 | S 59 35.0 | S 59 34.5 |
|*BELLATRIX   | 278 25.2 | 278 25.5 | 278 25.4 | 278 24.8 || N  6 22.1 | N  6 22.1 | N  6 22.2 | N  6 22.3 |
|*BETELGEUSE  | 270 54.4 | 270 54.6 | 270 54.7 | 270 54.1 || N  7 24.6 | N  7 24.6 | N  7 24.7 | N  7 24.8 |
| CANOPUS     | 263 52.9 | 263 53.5 | 263 53.9 | 263 53.2 || S 52 42.5 | S 52 42.7 | S 52 42.4 | S 52 42.1 |
| CAPELLA     | 280 25.1 | 280 25.5 | 280 25.4 | 280 24.5 || N 46  1.2 | N 46  1.3 | N 46  1.1 | N 46  1.1 |
| CASTOR      | 245 59.8 | 245 59.9 | 246  0.1 | 245 59.6 || N 31 50.3 | N 31 50.4 | N 31 50.4 | N 31 50.3 |
| DENEB       |  49 27.9 |  49 27.6 |  49 26.8 |  49 26.9 || N 45 21.6 | N 45 21.2 | N 45 21.5 | N 45 21.9 |
|*Denebola    | 182 27.4 | 182 27.0 | 182 27.2 | 182 27.2 || N 14 26.9 | N 14 26.8 | N 14 27.0 | N 14 26.9 |
|*Diphda      | 348 49.8 | 348 49.9 | 348 49.4 | 348 48.9 || S 17 52.2 | S 17 52.1 | S 17 51.7 | S 17 51.7 |
| Dubhe       | 193 43.8 | 193 43.2 | 193 43.9 | 193 43.9 || N 61 37.7 | N 61 38.0 | N 61 38.1 | N 61 37.7 |
|*Elnath      | 278  4.6 | 278  4.9 | 278  4.9 | 278  4.2 || N 28 37.5 | N 28 37.6 | N 28 37.5 | N 28 37.5 |
| Eltanin     |  90 43.9 |  90 43.1 |  90 42.6 |  90 43.1 || N 51 29.1 | N 51 28.8 | N 51 29.2 | N 51 29.4 |
|*Enif        |  33 41.5 |  33 41.3 |  33 40.6 |  33 40.4 || N  9 58.5 | N  9 58.4 | N  9 58.6 | N  9 58.8 |
|*FOMALHAUT   |  15 17.4 |  15 17.4 |  15 16.7 |  15 16.3 || S 29 30.6 | S 29 30.4 | S 29 30.1 | S 29 30.1 |
| Gacrux      | 171 54.3 | 171 53.6 | 171 54.0 | 171 54.4 || S 57 13.8 | S 57 14.3 | S 57 14.5 | S 57 14.3 |
| Hadar       | 148 39.7 | 148 38.6 | 148 38.7 | 148 39.3 || S 60 28.4 | S 60 28.7 | S 60 29.1 | S 60 28.9 |
|*Hamal       | 327 53.8 | 327 54.1 | 327 53.7 | 327 53.0 || N 23 34.0 | N 23 33.9 | N 23 33.9 | N 23 34.2 |
| Kaus Austr. |  83 36.2 |  83 35.5 |  83 34.9 |  83 35.0 || S 34 22.4 | S 34 22.4 | S 34 22.4 | S 34 22.5 |
| Kochab      | 137 20.5 | 137 18.8 | 137 19.1 | 137 20.7 || N 74  3.7 | N 74  3.7 | N 74  4.1 | N 74  3.9 |
|*Markab      |  13 32.5 |  13 32.5 |  13 31.8 |  13 31.5 || N 15 19.4 | N 15 19.2 | N 15 19.4 | N 15 19.7 |
|*Menkar      | 314  8.5 | 314  8.8 | 314  8.5 | 314  7.9 || N  4 10.5 | N  4 10.4 | N  4 10.6 | N  4 10.8 |
| Menkent     | 148  0.7 | 147 60.0 | 147 59.9 | 148  0.2 || S 36 28.4 | S 36 28.7 | S 36 28.9 | S 36 28.8 |
| Miaplacidus | 221 37.9 | 221 38.2 | 221 39.4 | 221 39.2 || S 69 48.2 | S 69 48.7 | S 69 48.7 | S 69 48.3 |
| MIMOSA      | 167 45.1 | 167 44.2 | 167 44.6 | 167 45.1 || S 59 48.2 | S 59 48.6 | S 59 48.9 | S 59 48.6 |
| Mirfak      | 308 31.4 | 308 31.9 | 308 31.6 | 308 30.6 || N 49 56.4 | N 49 56.4 | N 49 56.2 | N 49 56.4 |
|*Nunki       |  75 51.2 |  75 50.6 |  75 50.0 |  75 50.1 || S 26 16.2 | S 26 16.1 | S 26 16.1 | S 26 16.1 |
| Peacock     |  53 10.2 |  53  9.6 |  53  8.5 |  53  8.4 || S 56 40.0 | S 56 39.7 | S 56 39.6 | S 56 39.9 |
| Polaire (La)| 314 53.1 | 315 31.2 | 315 17.9 | 314 34.2 || N 89 21.6 | N 89 21.6 | N 89 21.2 | N 89 21.4 |
|*POLLUX      | 243 20.0 | 243 20.0 | 243 20.2 | 243 19.7 || N 27 58.3 | N 27 58.4 | N 27 58.4 | N 27 58.3 |
|*PROCYON     | 244 53.1 | 244 53.2 | 244 53.3 | 244 52.9 || N  5 10.1 | N  5 10.0 | N  5 10.1 | N  5 10.2 |
|*Rasalhague  |  96  1.2 |  96  0.6 |  96  0.1 |  96  0.4 || N 12 32.6 | N 12 32.4 | N 12 32.7 | N 12 32.8 |
|*REGULUS     | 207 36.9 | 207 36.6 | 207 36.9 | 207 36.7 || N 11 51.6 | N 11 51.5 | N 11 51.6 | N 11 51.5 |
|*RIGEL       | 281  5.9 | 281  6.2 | 281  6.2 | 281  5.6 || S  8 10.7 | S  8 10.7 | S  8 10.5 | S  8 10.3 |
| RIGIL KENT. | 139 44.1 | 139 43.0 | 139 42.9 | 139 43.6 || S 60 55.2 | S 60 55.5 | S 60 55.9 | S 60 55.7 |
|*Sabik       | 102  6.0 | 102  5.3 | 102  4.8 | 102  5.1 || S 15 45.1 | S 15 45.2 | S 15 45.1 | S 15 45.1 |
| SCHAULA     |  96 14.1 |  96 13.3 |  96 12.8 |  96 13.0 || S 37  7.1 | S 37  7.1 | S 37  7.2 | S 37  7.3 |
| Schedar     | 349 33.8 | 349 34.2 | 349 33.4 | 349 32.6 || N 56 39.7 | N 56 39.4 | N 56 39.3 | N 56 39.7 |
|*SIRIUS      | 258 28.1 | 258 28.3 | 258 28.4 | 258 27.9 || S 16 44.8 | S 16 45.0 | S 16 44.8 | S 16 44.6 |
|*SPICA       | 158 25.0 | 158 24.4 | 158 24.4 | 158 24.6 || S 11 16.4 | S 11 16.7 | S 11 16.7 | S 11 16.6 |
| Suhail      | 222 47.7 | 222 47.7 | 222 48.2 | 222 48.0 || S 43 31.1 | S 43 31.5 | S 43 31.5 | S 43 31.1 |
| VEGA        |  80 35.3 |  80 34.7 |  80 34.2 |  80 34.5 || N 38 48.2 | N 38 47.9 | N 38 48.3 | N 38 48.5 |
|*Zuben'genubi| 136 59.0 | 136 58.3 | 136 58.1 | 136 58.4 || S 16  7.8 | S 16  8.1 | S 16  8.1 | S 16  8.0 |
 
                                                                                    (c) http://navastro.fr
 
 Etoiles de magnitude inferieure a 2,5.
 Les noms en MAJUSCULES designent les etoiles les plus brillantes, de magnitude inferieure a 1,6.
 Les noms precedes d'une * designent les etoiles de declinaison <30°, utilisables avec les HO249 Vol. 2 et 3
